4.110000000000000142e+01	8.700000000000000000e+01	1.000000000000000000e+01	1.500000000000000000e+01
3.739999999999999858e+01	8.700000000000000000e+01	1.000000000000000000e+01	1.500000000000000000e+01
4.189999999999999858e+01	8.700000000000000000e+01	1.000000000000000000e+01	1.500000000000000000e+01
2.800000000000000000e+01	1.650000000000000000e+02	0.000000000000000000e+00	2.300000000000000000e+01
4.570000000000000284e+01	8.700000000000000000e+01	1.000000000000000000e+01	1.500000000000000000e+01
4.500000000000000000e+01	8.700000000000000000e+01	1.000000000000000000e+01	1.500000000000000000e+01
2.739999999999999858e+01	1.650000000000000000e+02	0.000000000000000000e+00	2.300000000000000000e+01
2.769999999999999929e+01	1.650000000000000000e+02	0.000000000000000000e+00	2.300000000000000000e+01
2.739999999999999858e+01	1.650000000000000000e+02	0.000000000000000000e+00	2.300000000000000000e+01
4.129999999999999716e+01	8.700000000000000000e+01	1.000000000000000000e+01	1.500000000000000000e+01
4.050000000000000000e+01	8.700000000000000000e+01	1.000000000000000000e+01	1.500000000000000000e+01
4.110000000000000142e+01	8.700000000000000000e+01	1.000000000000000000e+01	1.500000000000000000e+01
1.939999999999999858e+01	1.660000000000000000e+02	1.000000000000000000e+00	2.300000000000000000e+01
1.930000000000000071e+01	1.650000000000000000e+02	0.000000000000000000e+00	2.300000000000000000e+01
1.400000000000000000e+01	1.660000000000000000e+02	1.000000000000000000e+00	2.300000000000000000e+01
1.009999999999999964e+01	1.730000000000000000e+02	8.000000000000000000e+00	2.300000000000000000e+01
1.980000000000000071e+01	1.650000000000000000e+02	0.000000000000000000e+00	2.300000000000000000e+01
4.110000000000000142e+01	8.700000000000000000e+01	1.000000000000000000e+01	1.500000000000000000e+01
2.730000000000000071e+01	1.650000000000000000e+02	0.000000000000000000e+00	2.300000000000000000e+01
3.929999999999999716e+01	8.700000000000000000e+01	1.000000000000000000e+01	1.500000000000000000e+01
3.720000000000000284e+01	8.700000000000000000e+01	1.000000000000000000e+01	1.500000000000000000e+01
4.100000000000000000e+01	8.700000000000000000e+01	1.000000000000000000e+01	1.500000000000000000e+01
9.000000000000000000e+00	1.720000000000000000e+02	7.000000000000000000e+00	2.300000000000000000e+01
3.739999999999999858e+01	8.700000000000000000e+01	1.000000000000000000e+01	1.500000000000000000e+01
3.850000000000000000e+01	8.700000000000000000e+01	1.000000000000000000e+01	1.500000000000000000e+01
4.010000000000000142e+01	8.700000000000000000e+01	1.000000000000000000e+01	1.500000000000000000e+01
3.700000000000000000e+01	8.700000000000000000e+01	1.000000000000000000e+01	1.500000000000000000e+01
4.100000000000000000e+01	8.700000000000000000e+01	1.000000000000000000e+01	1.500000000000000000e+01
7.700000000000000178e+00	1.720000000000000000e+02	7.000000000000000000e+00	2.300000000000000000e+01
3.489999999999999858e+01	8.700000000000000000e+01	1.000000000000000000e+01	1.500000000000000000e+01
4.000000000000000000e+01	8.700000000000000000e+01	1.000000000000000000e+01	1.500000000000000000e+01
4.320000000000000284e+01	8.700000000000000000e+01	1.000000000000000000e+01	1.500000000000000000e+01
4.200000000000000000e+01	8.700000000000000000e+01	1.000000000000000000e+01	1.500000000000000000e+01
4.160000000000000142e+01	8.700000000000000000e+01	1.000000000000000000e+01	1.500000000000000000e+01
4.329999999999999716e+01	8.700000000000000000e+01	1.000000000000000000e+01	1.500000000000000000e+01
4.279999999999999716e+01	8.700000000000000000e+01	1.000000000000000000e+01	1.500000000000000000e+01
3.660000000000000142e+01	8.700000000000000000e+01	1.000000000000000000e+01	1.500000000000000000e+01
1.140000000000000036e+01	1.730000000000000000e+02	8.000000000000000000e+00	2.300000000000000000e+01
2.110000000000000142e+01	1.200000000000000000e+02	1.000000000000000000e+01	1.800000000000000000e+01
4.450000000000000000e+01	8.700000000000000000e+01	1.000000000000000000e+01	1.500000000000000000e+01
3.820000000000000284e+01	7.500000000000000000e+01	9.000000000000000000e+00	1.400000000000000000e+01
3.829999999999999716e+01	7.500000000000000000e+01	9.000000000000000000e+00	1.400000000000000000e+01
3.779999999999999716e+01	7.500000000000000000e+01	9.000000000000000000e+00	1.400000000000000000e+01
3.839999999999999858e+01	8.700000000000000000e+01	1.000000000000000000e+01	1.500000000000000000e+01
4.220000000000000284e+01	8.700000000000000000e+01	1.000000000000000000e+01	1.500000000000000000e+01
4.210000000000000142e+01	8.700000000000000000e+01	1.000000000000000000e+01	1.500000000000000000e+01
4.150000000000000000e+01	8.700000000000000000e+01	1.000000000000000000e+01	1.500000000000000000e+01
4.060000000000000142e+01	8.700000000000000000e+01	1.000000000000000000e+01	1.500000000000000000e+01
4.070000000000000284e+01	8.700000000000000000e+01	1.000000000000000000e+01	1.500000000000000000e+01
4.000000000000000000e+01	8.700000000000000000e+01	1.000000000000000000e+01	1.500000000000000000e+01
4.289999999999999858e+01	8.700000000000000000e+01	1.000000000000000000e+01	1.500000000000000000e+01
4.310000000000000142e+01	8.700000000000000000e+01	1.000000000000000000e+01	1.500000000000000000e+01
3.560000000000000142e+01	8.700000000000000000e+01	1.000000000000000000e+01	1.500000000000000000e+01
3.779999999999999716e+01	8.700000000000000000e+01	1.000000000000000000e+01	1.500000000000000000e+01
3.779999999999999716e+01	8.700000000000000000e+01	1.000000000000000000e+01	1.500000000000000000e+01
3.799999999999999822e+00	0.000000000000000000e+00	0.000000000000000000e+00	8.000000000000000000e+00
8.699999999999999289e+00	1.730000000000000000e+02	8.000000000000000000e+00	2.300000000000000000e+01
3.700000000000000178e+00	0.000000000000000000e+00	0.000000000000000000e+00	8.000000000000000000e+00
4.479999999999999716e+01	8.700000000000000000e+01	1.000000000000000000e+01	1.500000000000000000e+01
4.339999999999999858e+01	8.700000000000000000e+01	1.000000000000000000e+01	1.500000000000000000e+01
3.539999999999999858e+01	7.500000000000000000e+01	9.000000000000000000e+00	1.400000000000000000e+01
3.589999999999999858e+01	7.500000000000000000e+01	9.000000000000000000e+00	1.400000000000000000e+01
3.760000000000000142e+01	8.700000000000000000e+01	1.000000000000000000e+01	1.500000000000000000e+01
2.169999999999999929e+01	1.650000000000000000e+02	0.000000000000000000e+00	2.300000000000000000e+01
4.110000000000000142e+01	8.700000000000000000e+01	1.000000000000000000e+01	1.500000000000000000e+01
3.989999999999999858e+01	8.700000000000000000e+01	1.000000000000000000e+01	1.500000000000000000e+01
4.220000000000000284e+01	8.700000000000000000e+01	1.000000000000000000e+01	1.500000000000000000e+01
4.100000000000000000e+01	8.700000000000000000e+01	1.000000000000000000e+01	1.500000000000000000e+01
3.860000000000000142e+01	8.700000000000000000e+01	1.000000000000000000e+01	1.500000000000000000e+01
4.050000000000000000e+01	8.700000000000000000e+01	1.000000000000000000e+01	1.500000000000000000e+01
4.379999999999999716e+01	8.700000000000000000e+01	1.000000000000000000e+01	1.500000000000000000e+01
3.920000000000000284e+01	8.700000000000000000e+01	1.000000000000000000e+01	1.500000000000000000e+01
3.839999999999999858e+01	8.700000000000000000e+01	1.000000000000000000e+01	1.500000000000000000e+01
3.900000000000000000e+01	8.700000000000000000e+01	1.000000000000000000e+01	1.500000000000000000e+01
3.879999999999999716e+01	8.700000000000000000e+01	1.000000000000000000e+01	1.500000000000000000e+01
8.199999999999999289e+00	1.730000000000000000e+02	8.000000000000000000e+00	2.300000000000000000e+01
3.939999999999999858e+01	8.700000000000000000e+01	1.000000000000000000e+01	1.500000000000000000e+01
4.010000000000000142e+01	8.700000000000000000e+01	1.000000000000000000e+01	1.500000000000000000e+01
3.799999999999999822e+00	1.740000000000000000e+02	9.000000000000000000e+00	2.300000000000000000e+01
3.879999999999999716e+01	8.700000000000000000e+01	1.000000000000000000e+01	1.500000000000000000e+01
3.950000000000000000e+01	8.700000000000000000e+01	1.000000000000000000e+01	1.500000000000000000e+01
3.939999999999999858e+01	8.700000000000000000e+01	1.000000000000000000e+01	1.500000000000000000e+01
4.039999999999999858e+01	8.700000000000000000e+01	1.000000000000000000e+01	1.500000000000000000e+01
4.000000000000000000e+01	8.700000000000000000e+01	1.000000000000000000e+01	1.500000000000000000e+01
4.060000000000000142e+01	8.700000000000000000e+01	1.000000000000000000e+01	1.500000000000000000e+01
3.829999999999999716e+01	7.500000000000000000e+01	9.000000000000000000e+00	1.400000000000000000e+01
4.200000000000000000e+01	8.700000000000000000e+01	1.000000000000000000e+01	1.500000000000000000e+01
3.870000000000000284e+01	7.500000000000000000e+01	9.000000000000000000e+00	1.400000000000000000e+01
4.210000000000000142e+01	8.700000000000000000e+01	1.000000000000000000e+01	1.500000000000000000e+01
4.350000000000000000e+01	8.700000000000000000e+01	1.000000000000000000e+01	1.500000000000000000e+01
4.279999999999999716e+01	8.700000000000000000e+01	1.000000000000000000e+01	1.500000000000000000e+01
4.260000000000000142e+01	8.700000000000000000e+01	1.000000000000000000e+01	1.500000000000000000e+01
4.239999999999999858e+01	8.700000000000000000e+01	1.000000000000000000e+01	1.500000000000000000e+01
4.229999999999999716e+01	8.700000000000000000e+01	1.000000000000000000e+01	1.500000000000000000e+01
4.220000000000000284e+01	8.700000000000000000e+01	1.000000000000000000e+01	1.500000000000000000e+01
4.200000000000000000e+01	8.700000000000000000e+01	1.000000000000000000e+01	1.500000000000000000e+01
4.189999999999999858e+01	8.700000000000000000e+01	1.000000000000000000e+01	1.500000000000000000e+01
4.179999999999999716e+01	8.700000000000000000e+01	1.000000000000000000e+01	1.500000000000000000e+01
3.670000000000000284e+01	8.700000000000000000e+01	1.000000000000000000e+01	1.500000000000000000e+01
3.550000000000000000e+01	8.700000000000000000e+01	1.000000000000000000e+01	1.500000000000000000e+01
3.450000000000000000e+01	8.700000000000000000e+01	1.000000000000000000e+01	1.500000000000000000e+01
3.239999999999999858e+01	7.500000000000000000e+01	9.000000000000000000e+00	1.400000000000000000e+01
3.850000000000000000e+01	8.700000000000000000e+01	1.000000000000000000e+01	1.500000000000000000e+01
3.689999999999999858e+01	8.700000000000000000e+01	1.000000000000000000e+01	1.500000000000000000e+01
3.300000000000000000e+01	7.500000000000000000e+01	9.000000000000000000e+00	1.400000000000000000e+01
3.200000000000000000e+01	1.500000000000000000e+01	4.000000000000000000e+00	9.000000000000000000e+00
1.169999999999999929e+01	1.650000000000000000e+02	0.000000000000000000e+00	2.300000000000000000e+01
3.939999999999999858e+01	7.500000000000000000e+01	9.000000000000000000e+00	1.400000000000000000e+01
3.710000000000000142e+01	6.300000000000000000e+01	8.000000000000000000e+00	1.300000000000000000e+01
3.550000000000000000e+01	6.300000000000000000e+01	8.000000000000000000e+00	1.300000000000000000e+01
1.400000000000000000e+01	1.650000000000000000e+02	0.000000000000000000e+00	2.300000000000000000e+01
1.290000000000000036e+01	1.650000000000000000e+02	0.000000000000000000e+00	2.300000000000000000e+01
1.669999999999999929e+01	1.650000000000000000e+02	0.000000000000000000e+00	2.300000000000000000e+01
3.610000000000000142e+01	8.700000000000000000e+01	1.000000000000000000e+01	1.500000000000000000e+01
1.130000000000000071e+01	1.650000000000000000e+02	0.000000000000000000e+00	2.300000000000000000e+01
9.699999999999999289e+00	1.650000000000000000e+02	0.000000000000000000e+00	2.300000000000000000e+01
1.450000000000000000e+01	1.650000000000000000e+02	0.000000000000000000e+00	2.300000000000000000e+01
1.550000000000000000e+01	1.650000000000000000e+02	0.000000000000000000e+00	2.300000000000000000e+01
1.419999999999999929e+01	1.650000000000000000e+02	0.000000000000000000e+00	2.300000000000000000e+01
1.630000000000000071e+01	1.650000000000000000e+02	0.000000000000000000e+00	2.300000000000000000e+01
1.469999999999999929e+01	1.650000000000000000e+02	0.000000000000000000e+00	2.300000000000000000e+01
1.969999999999999929e+01	1.650000000000000000e+02	0.000000000000000000e+00	2.300000000000000000e+01
1.880000000000000071e+01	1.650000000000000000e+02	0.000000000000000000e+00	2.300000000000000000e+01
2.160000000000000142e+01	1.650000000000000000e+02	0.000000000000000000e+00	2.300000000000000000e+01
1.610000000000000142e+01	1.650000000000000000e+02	0.000000000000000000e+00	2.300000000000000000e+01
1.760000000000000142e+01	1.650000000000000000e+02	0.000000000000000000e+00	2.300000000000000000e+01
1.660000000000000142e+01	1.650000000000000000e+02	0.000000000000000000e+00	2.300000000000000000e+01
1.950000000000000000e+01	1.650000000000000000e+02	0.000000000000000000e+00	2.300000000000000000e+01
2.039999999999999858e+01	1.650000000000000000e+02	0.000000000000000000e+00	2.300000000000000000e+01
3.750000000000000000e+01	8.700000000000000000e+01	1.000000000000000000e+01	1.500000000000000000e+01
1.980000000000000071e+01	1.650000000000000000e+02	0.000000000000000000e+00	2.300000000000000000e+01
2.130000000000000071e+01	1.650000000000000000e+02	0.000000000000000000e+00	2.300000000000000000e+01
1.950000000000000000e+01	1.650000000000000000e+02	0.000000000000000000e+00	2.300000000000000000e+01
2.130000000000000071e+01	1.650000000000000000e+02	0.000000000000000000e+00	2.300000000000000000e+01
2.219999999999999929e+01	1.650000000000000000e+02	0.000000000000000000e+00	2.300000000000000000e+01
2.269999999999999929e+01	1.650000000000000000e+02	0.000000000000000000e+00	2.300000000000000000e+01
3.679999999999999716e+01	6.300000000000000000e+01	8.000000000000000000e+00	1.300000000000000000e+01
3.579999999999999716e+01	6.300000000000000000e+01	8.000000000000000000e+00	1.300000000000000000e+01
9.300000000000000711e+00	9.900000000000000000e+01	0.000000000000000000e+00	1.700000000000000000e+01
2.330000000000000071e+01	1.650000000000000000e+02	0.000000000000000000e+00	2.300000000000000000e+01
2.310000000000000142e+01	1.650000000000000000e+02	0.000000000000000000e+00	2.300000000000000000e+01
2.100000000000000000e+01	1.650000000000000000e+02	0.000000000000000000e+00	2.300000000000000000e+01
2.050000000000000000e+01	1.650000000000000000e+02	0.000000000000000000e+00	2.300000000000000000e+01
2.110000000000000142e+01	1.650000000000000000e+02	0.000000000000000000e+00	2.300000000000000000e+01
3.920000000000000284e+01	8.700000000000000000e+01	1.000000000000000000e+01	1.500000000000000000e+01
3.800000000000000000e+01	8.700000000000000000e+01	1.000000000000000000e+01	1.500000000000000000e+01
3.629999999999999716e+01	8.700000000000000000e+01	1.000000000000000000e+01	1.500000000000000000e+01
1.190000000000000036e+01	1.650000000000000000e+02	0.000000000000000000e+00	2.300000000000000000e+01
1.090000000000000036e+01	1.650000000000000000e+02	0.000000000000000000e+00	2.300000000000000000e+01
1.469999999999999929e+01	1.650000000000000000e+02	0.000000000000000000e+00	2.300000000000000000e+01
2.339999999999999858e+01	1.650000000000000000e+02	0.000000000000000000e+00	2.300000000000000000e+01
1.980000000000000071e+01	1.650000000000000000e+02	0.000000000000000000e+00	2.300000000000000000e+01
1.040000000000000036e+01	1.540000000000000000e+02	0.000000000000000000e+00	2.200000000000000000e+01
1.219999999999999929e+01	1.650000000000000000e+02	0.000000000000000000e+00	2.300000000000000000e+01
1.040000000000000036e+01	1.650000000000000000e+02	0.000000000000000000e+00	2.300000000000000000e+01
1.800000000000000000e+01	1.650000000000000000e+02	0.000000000000000000e+00	2.300000000000000000e+01
1.030000000000000071e+01	1.650000000000000000e+02	0.000000000000000000e+00	2.300000000000000000e+01
1.540000000000000036e+01	1.650000000000000000e+02	0.000000000000000000e+00	2.300000000000000000e+01
1.650000000000000000e+01	1.650000000000000000e+02	0.000000000000000000e+00	2.300000000000000000e+01
2.010000000000000142e+01	1.650000000000000000e+02	0.000000000000000000e+00	2.300000000000000000e+01
2.130000000000000071e+01	1.650000000000000000e+02	0.000000000000000000e+00	2.300000000000000000e+01
2.189999999999999858e+01	1.650000000000000000e+02	0.000000000000000000e+00	2.300000000000000000e+01
2.310000000000000142e+01	1.650000000000000000e+02	0.000000000000000000e+00	2.300000000000000000e+01
3.670000000000000284e+01	8.700000000000000000e+01	1.000000000000000000e+01	1.500000000000000000e+01
3.710000000000000142e+01	8.700000000000000000e+01	1.000000000000000000e+01	1.500000000000000000e+01
2.210000000000000142e+01	1.650000000000000000e+02	0.000000000000000000e+00	2.300000000000000000e+01
4.010000000000000142e+01	8.700000000000000000e+01	1.000000000000000000e+01	1.500000000000000000e+01
4.200000000000000000e+01	8.700000000000000000e+01	1.000000000000000000e+01	1.500000000000000000e+01
