5.000000000000000000e-01	6.800000000000000000e+01	5.000000000000000000e+00	5.000000000000000000e+00
2.999999999999999889e-01	6.300000000000000000e+01	0.000000000000000000e+00	0.000000000000000000e+00
4.000000000000000222e-01	4.800000000000000000e+01	6.000000000000000000e+00	1.400000000000000000e+01
0.000000000000000000e+00	0.000000000000000000e+00	0.000000000000000000e+00	8.000000000000000000e+00
4.299999999999999822e+00	0.000000000000000000e+00	0.000000000000000000e+00	8.000000000000000000e+00
2.500000000000000000e+00	4.100000000000000000e+01	6.000000000000000000e+00	1.300000000000000000e+01
0.000000000000000000e+00	0.000000000000000000e+00	0.000000000000000000e+00	8.000000000000000000e+00
0.000000000000000000e+00	0.000000000000000000e+00	0.000000000000000000e+00	8.000000000000000000e+00
0.000000000000000000e+00	0.000000000000000000e+00	0.000000000000000000e+00	8.000000000000000000e+00
2.999999999999999889e-01	4.100000000000000000e+01	6.000000000000000000e+00	1.300000000000000000e+01
0.000000000000000000e+00	0.000000000000000000e+00	0.000000000000000000e+00	8.000000000000000000e+00
0.000000000000000000e+00	0.000000000000000000e+00	0.000000000000000000e+00	8.000000000000000000e+00
5.999999999999999778e-01	6.400000000000000000e+01	1.000000000000000000e+00	1.000000000000000000e+00
0.000000000000000000e+00	0.000000000000000000e+00	0.000000000000000000e+00	8.000000000000000000e+00
0.000000000000000000e+00	0.000000000000000000e+00	0.000000000000000000e+00	8.000000000000000000e+00
0.000000000000000000e+00	0.000000000000000000e+00	0.000000000000000000e+00	8.000000000000000000e+00
0.000000000000000000e+00	0.000000000000000000e+00	0.000000000000000000e+00	8.000000000000000000e+00
0.000000000000000000e+00	0.000000000000000000e+00	0.000000000000000000e+00	8.000000000000000000e+00
5.000000000000000000e-01	6.300000000000000000e+01	0.000000000000000000e+00	0.000000000000000000e+00
0.000000000000000000e+00	0.000000000000000000e+00	0.000000000000000000e+00	8.000000000000000000e+00
0.000000000000000000e+00	0.000000000000000000e+00	0.000000000000000000e+00	8.000000000000000000e+00
0.000000000000000000e+00	0.000000000000000000e+00	0.000000000000000000e+00	8.000000000000000000e+00
0.000000000000000000e+00	0.000000000000000000e+00	0.000000000000000000e+00	8.000000000000000000e+00
0.000000000000000000e+00	0.000000000000000000e+00	0.000000000000000000e+00	8.000000000000000000e+00
2.000000000000000111e-01	6.900000000000000000e+01	6.000000000000000000e+00	6.000000000000000000e+00
0.000000000000000000e+00	6.900000000000000000e+01	6.000000000000000000e+00	6.000000000000000000e+00
0.000000000000000000e+00	0.000000000000000000e+00	0.000000000000000000e+00	8.000000000000000000e+00
0.000000000000000000e+00	0.000000000000000000e+00	0.000000000000000000e+00	8.000000000000000000e+00
0.000000000000000000e+00	0.000000000000000000e+00	0.000000000000000000e+00	8.000000000000000000e+00
0.000000000000000000e+00	0.000000000000000000e+00	0.000000000000000000e+00	8.000000000000000000e+00
2.999999999999999889e-01	4.700000000000000000e+01	5.000000000000000000e+00	1.400000000000000000e+01
1.000000000000000000e+00	5.500000000000000000e+01	6.000000000000000000e+00	1.500000000000000000e+01
0.000000000000000000e+00	0.000000000000000000e+00	0.000000000000000000e+00	8.000000000000000000e+00
0.000000000000000000e+00	0.000000000000000000e+00	0.000000000000000000e+00	8.000000000000000000e+00
5.000000000000000000e-01	4.100000000000000000e+01	6.000000000000000000e+00	1.300000000000000000e+01
0.000000000000000000e+00	4.100000000000000000e+01	6.000000000000000000e+00	1.300000000000000000e+01
0.000000000000000000e+00	0.000000000000000000e+00	0.000000000000000000e+00	8.000000000000000000e+00
0.000000000000000000e+00	0.000000000000000000e+00	0.000000000000000000e+00	8.000000000000000000e+00
0.000000000000000000e+00	0.000000000000000000e+00	0.000000000000000000e+00	8.000000000000000000e+00
2.000000000000000000e+00	2.000000000000000000e+00	2.000000000000000000e+00	8.000000000000000000e+00
5.999999999999999778e-01	1.600000000000000000e+01	2.000000000000000000e+00	1.000000000000000000e+01
8.000000000000000444e-01	1.600000000000000000e+01	2.000000000000000000e+00	1.000000000000000000e+01
5.000000000000000000e-01	8.000000000000000000e+00	1.000000000000000000e+00	9.000000000000000000e+00
0.000000000000000000e+00	0.000000000000000000e+00	0.000000000000000000e+00	8.000000000000000000e+00
0.000000000000000000e+00	0.000000000000000000e+00	0.000000000000000000e+00	8.000000000000000000e+00
0.000000000000000000e+00	0.000000000000000000e+00	0.000000000000000000e+00	8.000000000000000000e+00
0.000000000000000000e+00	0.000000000000000000e+00	0.000000000000000000e+00	8.000000000000000000e+00
4.000000000000000222e-01	2.700000000000000000e+01	6.000000000000000000e+00	1.100000000000000000e+01
5.000000000000000000e-01	1.900000000000000000e+01	5.000000000000000000e+00	1.000000000000000000e+01
0.000000000000000000e+00	0.000000000000000000e+00	0.000000000000000000e+00	8.000000000000000000e+00
2.999999999999999889e-01	4.100000000000000000e+01	6.000000000000000000e+00	1.300000000000000000e+01
5.999999999999999778e-01	4.100000000000000000e+01	6.000000000000000000e+00	1.300000000000000000e+01
0.000000000000000000e+00	0.000000000000000000e+00	0.000000000000000000e+00	8.000000000000000000e+00
0.000000000000000000e+00	0.000000000000000000e+00	0.000000000000000000e+00	8.000000000000000000e+00
0.000000000000000000e+00	0.000000000000000000e+00	0.000000000000000000e+00	8.000000000000000000e+00
0.000000000000000000e+00	0.000000000000000000e+00	0.000000000000000000e+00	8.000000000000000000e+00
0.000000000000000000e+00	0.000000000000000000e+00	0.000000000000000000e+00	8.000000000000000000e+00
3.700000000000000178e+00	0.000000000000000000e+00	0.000000000000000000e+00	8.000000000000000000e+00
8.000000000000000444e-01	4.100000000000000000e+01	6.000000000000000000e+00	1.300000000000000000e+01
0.000000000000000000e+00	0.000000000000000000e+00	0.000000000000000000e+00	8.000000000000000000e+00
0.000000000000000000e+00	0.000000000000000000e+00	0.000000000000000000e+00	8.000000000000000000e+00
0.000000000000000000e+00	0.000000000000000000e+00	0.000000000000000000e+00	8.000000000000000000e+00
0.000000000000000000e+00	0.000000000000000000e+00	0.000000000000000000e+00	8.000000000000000000e+00
0.000000000000000000e+00	0.000000000000000000e+00	0.000000000000000000e+00	8.000000000000000000e+00
0.000000000000000000e+00	0.000000000000000000e+00	0.000000000000000000e+00	8.000000000000000000e+00
0.000000000000000000e+00	0.000000000000000000e+00	0.000000000000000000e+00	8.000000000000000000e+00
9.000000000000000222e-01	2.000000000000000000e+01	6.000000000000000000e+00	1.000000000000000000e+01
0.000000000000000000e+00	0.000000000000000000e+00	0.000000000000000000e+00	8.000000000000000000e+00
4.000000000000000222e-01	2.000000000000000000e+01	6.000000000000000000e+00	1.000000000000000000e+01
1.399999999999999911e+00	4.800000000000000000e+01	6.000000000000000000e+00	1.400000000000000000e+01
8.000000000000000444e-01	2.400000000000000000e+01	3.000000000000000000e+00	1.100000000000000000e+01
5.000000000000000000e-01	1.000000000000000000e+00	1.000000000000000000e+00	8.000000000000000000e+00
8.000000000000000444e-01	9.000000000000000000e+00	2.000000000000000000e+00	9.000000000000000000e+00
5.000000000000000000e-01	1.000000000000000000e+01	3.000000000000000000e+00	9.000000000000000000e+00
0.000000000000000000e+00	0.000000000000000000e+00	0.000000000000000000e+00	8.000000000000000000e+00
0.000000000000000000e+00	0.000000000000000000e+00	0.000000000000000000e+00	8.000000000000000000e+00
5.000000000000000000e-01	4.700000000000000000e+01	5.000000000000000000e+00	1.400000000000000000e+01
0.000000000000000000e+00	0.000000000000000000e+00	0.000000000000000000e+00	8.000000000000000000e+00
0.000000000000000000e+00	0.000000000000000000e+00	0.000000000000000000e+00	8.000000000000000000e+00
0.000000000000000000e+00	0.000000000000000000e+00	0.000000000000000000e+00	8.000000000000000000e+00
0.000000000000000000e+00	0.000000000000000000e+00	0.000000000000000000e+00	8.000000000000000000e+00
0.000000000000000000e+00	0.000000000000000000e+00	0.000000000000000000e+00	8.000000000000000000e+00
0.000000000000000000e+00	0.000000000000000000e+00	0.000000000000000000e+00	8.000000000000000000e+00
0.000000000000000000e+00	0.000000000000000000e+00	0.000000000000000000e+00	8.000000000000000000e+00
0.000000000000000000e+00	3.900000000000000000e+01	4.000000000000000000e+00	1.300000000000000000e+01
0.000000000000000000e+00	0.000000000000000000e+00	0.000000000000000000e+00	8.000000000000000000e+00
4.000000000000000222e-01	3.900000000000000000e+01	4.000000000000000000e+00	1.300000000000000000e+01
0.000000000000000000e+00	0.000000000000000000e+00	0.000000000000000000e+00	8.000000000000000000e+00
0.000000000000000000e+00	0.000000000000000000e+00	0.000000000000000000e+00	8.000000000000000000e+00
0.000000000000000000e+00	0.000000000000000000e+00	0.000000000000000000e+00	8.000000000000000000e+00
0.000000000000000000e+00	0.000000000000000000e+00	0.000000000000000000e+00	8.000000000000000000e+00
0.000000000000000000e+00	0.000000000000000000e+00	0.000000000000000000e+00	8.000000000000000000e+00
0.000000000000000000e+00	0.000000000000000000e+00	0.000000000000000000e+00	8.000000000000000000e+00
0.000000000000000000e+00	0.000000000000000000e+00	0.000000000000000000e+00	8.000000000000000000e+00
