%!PS-Adobe-3.0 EPSF-3.0
%%Title: Poster_continuum_padovainst
%%Creator: matplotlib version 1.3.1, http://matplotlib.org/
%%CreationDate: Sat Dec  6 18:50:51 2014
%%Orientation: portrait
%%BoundingBox: 18 180 594 612
%%EndComments
%%BeginProlog
/mpldict 11 dict def
mpldict begin
/m { moveto } bind def
/l { lineto } bind def
/r { rlineto } bind def
/c { curveto } bind def
/cl { closepath } bind def
/box {
m
1 index 0 r
0 exch r
neg 0 r
cl
} bind def
/clipbox {
box
clip
newpath
} bind def
%!PS-Adobe-3.0 Resource-Font
%%Title: cmmi10
%%Copyright: Copyright (C) 1994, Basil K. Malyshev. All Rights Reserved.012BaKoMa Fonts Collection, Level-B.
%%Creator: Converted from TrueType to type 3 by PPR
25 dict begin
/_d{bind def}bind def
/_m{moveto}_d
/_l{lineto}_d
/_cl{closepath eofill}_d
/_c{curveto}_d
/_sc{7 -1 roll{setcachedevice}{pop pop pop pop pop pop}ifelse}_d
/_e{exec}_d
/FontName /Cmmi10 def
/PaintType 0 def
/FontMatrix[.001 0 0 .001 0 0]def
/FontBBox[-34 -250 1048 750]def
/FontType 3 def
/Encoding [ /nu /pi /m /J /s /c ] def
/FontInfo 10 dict dup begin
/FamilyName (cmmi10) def
/FullName (cmmi10) def
/Notice (Copyright (C) 1994, Basil K. Malyshev. All Rights Reserved.012BaKoMa Fonts Collection, Level-B. ) def
/Weight (Regular) def
/Version (1.1/12-Nov-94) def
/ItalicAngle 0.0 def
/isFixedPitch false def
/UnderlinePosition -133 def
/UnderlineThickness 20 def
end readonly def
/CharStrings 6 dict dup begin
/nu{{494 0 51 0 526 442 _sc
63 0 _m
55 0 51 4 51 13 _c
136 353 _l
138 364 140 373 141 380 _c
141 390 119 396 76 396 _c
69 396 66 400 66 409 _c
66 411 66 414 68 418 _c
69 422 70 425 72 427 _c
74 429 76 431 80 431 _c
215 442 _l
223 442 227 437 227 429 _c
129 37 _l
181 54 230 81 274 119 _c
318 157 356 201 387 252 _c
418 302 440 355 454 410 _c
}_e{456 419 461 427 469 433 _c
477 439 486 442 496 442 _c
504 442 511 439 517 434 _c
523 428 526 421 526 413 _c
526 402 521 386 513 364 _c
504 342 495 322 487 305 _c
460 253 425 205 382 161 _c
354 133 325 109 294 88 _c
262 67 229 49 195 34 _c
161 19 125 8 87 0 _c
63 0 _l
_cl}_e}_d
/pi{{570 0 24 -10 568 431 _sc
101 17 _m
101 20 102 25 105 33 _c
123 71 141 109 157 147 _c
173 184 187 220 200 256 _c
213 291 225 329 236 369 _c
172 369 _l
147 369 124 361 103 346 _c
82 330 65 311 51 288 _c
49 285 47 284 45 284 _c
33 284 _l
27 284 24 287 24 294 _c
24 295 24 297 26 300 _c
48 336 71 367 96 393 _c
120 418 148 431 180 431 _c
543 431 _l
}_e{549 431 555 428 560 424 _c
565 419 568 413 568 406 _c
568 396 564 387 557 380 _c
550 372 542 369 532 369 _c
405 369 _l
394 317 388 266 387 216 _c
387 152 398 94 421 42 _c
423 38 424 34 424 30 _c
424 22 421 15 417 9 _c
413 3 407 -1 401 -5 _c
394 -8 387 -10 380 -10 _c
362 -10 350 4 344 32 _c
337 60 334 88 334 115 _c
334 153 337 189 344 225 _c
}_e{350 260 361 308 375 369 _c
266 369 _l
213 155 181 38 171 16 _c
161 -1 148 -10 132 -10 _c
124 -10 116 -7 110 -2 _c
104 2 101 9 101 17 _c
_cl}_e}_d
/m{{878 0 27 -10 851 442 _sc
77 17 _m
77 21 77 24 78 26 _c
153 324 _l
157 342 160 359 160 373 _c
160 401 150 416 131 416 _c
110 416 94 403 84 378 _c
74 353 64 322 55 284 _c
55 282 54 280 52 279 _c
50 278 48 278 47 278 _c
35 278 _l
33 278 31 279 29 281 _c
27 283 27 286 27 288 _c
34 317 41 342 48 362 _c
54 382 65 400 79 417 _c
}_e{93 433 110 442 132 442 _c
156 442 178 434 198 418 _c
217 402 227 382 227 358 _c
247 384 270 404 297 419 _c
323 434 352 442 382 442 _c
413 442 440 434 463 418 _c
486 402 498 379 498 349 _c
518 378 542 401 570 417 _c
597 433 627 442 660 442 _c
694 442 722 432 743 414 _c
764 395 775 368 775 334 _c
775 306 768 273 756 235 _c
744 196 729 153 711 105 _c
}_e{701 81 697 61 697 45 _c
697 25 704 15 720 15 _c
746 15 767 29 785 57 _c
802 85 814 115 822 147 _c
824 151 826 153 830 153 _c
842 153 _l
844 153 846 152 848 150 _c
850 148 851 146 851 144 _c
851 143 850 142 850 141 _c
840 103 824 68 802 37 _c
780 5 752 -10 718 -10 _c
694 -10 674 -2 658 13 _c
641 29 633 48 633 72 _c
633 83 635 96 641 111 _c
}_e{659 161 675 205 688 245 _c
700 284 707 319 707 349 _c
707 367 703 383 696 396 _c
688 409 676 416 658 416 _c
622 416 590 404 563 382 _c
536 360 513 330 494 294 _c
492 287 491 282 491 279 _c
427 22 _l
424 12 419 5 411 -1 _c
403 -7 394 -10 385 -10 _c
377 -10 370 -7 364 -3 _c
358 1 355 8 355 17 _c
355 21 355 24 356 26 _c
420 281 _l
426 308 430 331 430 349 _c
}_e{430 367 426 383 418 396 _c
410 409 398 416 380 416 _c
355 416 332 410 312 400 _c
292 389 274 375 259 357 _c
243 339 229 318 217 294 _c
149 22 _l
147 12 142 5 134 -1 _c
126 -7 117 -10 107 -10 _c
99 -10 92 -7 86 -3 _c
80 1 77 8 77 17 _c
_cl}_e}_d
/J{{554 0 69 -21 633 683 _sc
109 60 _m
115 41 127 27 145 18 _c
162 8 181 4 202 4 _c
222 4 242 11 262 25 _c
282 39 298 58 312 80 _c
325 102 334 123 340 145 _c
458 618 _l
458 620 459 622 459 624 _c
459 625 459 626 460 628 _c
460 635 457 639 452 641 _c
434 645 399 648 345 648 _c
338 648 335 652 335 661 _c
336 666 337 670 338 673 _c
338 676 340 678 342 680 _c
}_e{344 682 348 683 352 683 _c
623 683 _l
629 683 633 678 633 670 _c
630 655 626 648 620 648 _c
596 648 579 646 567 642 _c
555 638 546 629 542 614 _c
424 141 _l
416 110 401 82 378 57 _c
355 32 328 13 296 0 _c
264 -14 233 -21 201 -21 _c
165 -21 134 -11 108 8 _c
82 27 69 53 69 87 _c
69 109 75 128 87 144 _c
99 160 116 168 138 168 _c
150 168 161 164 170 156 _c
}_e{178 148 183 138 183 126 _c
183 108 176 92 163 79 _c
149 65 134 59 116 59 _c
112 59 110 59 109 60 _c
_cl}_e}_d
/s{{468 0 52 -10 419 442 _sc
87 61 _m
105 30 141 15 195 15 _c
218 15 240 19 261 27 _c
282 35 300 47 314 63 _c
328 79 335 98 335 121 _c
335 138 328 152 316 163 _c
304 174 289 182 271 186 _c
217 197 _l
192 203 172 214 156 231 _c
140 248 132 269 132 293 _c
132 322 140 348 156 371 _c
172 394 193 412 219 424 _c
245 436 273 442 302 442 _c
332 442 359 434 383 420 _c
}_e{407 405 419 384 419 356 _c
419 340 414 327 406 315 _c
397 303 385 298 370 298 _c
361 298 353 300 347 306 _c
341 312 338 319 338 328 _c
338 336 340 343 344 351 _c
348 358 354 364 362 368 _c
369 372 377 375 385 375 _c
379 389 368 399 352 406 _c
336 412 318 416 300 416 _c
282 416 265 412 249 406 _c
232 399 218 389 208 376 _c
198 362 193 347 193 329 _c
}_e{193 317 197 306 205 297 _c
213 288 224 282 237 278 _c
295 266 _l
313 262 330 255 346 245 _c
361 235 373 222 382 207 _c
391 192 396 175 396 156 _c
396 131 389 106 375 82 _c
361 58 344 39 324 25 _c
288 1 245 -10 194 -10 _c
158 -10 126 -2 96 14 _c
66 30 52 54 52 86 _c
52 104 57 119 67 133 _c
77 147 92 154 111 154 _c
121 154 130 150 138 144 _c
}_e{145 137 149 128 149 118 _c
149 102 143 89 132 78 _c
120 66 107 61 92 61 _c
87 61 _l
_cl}_e}_d
/c{{432 0 40 -10 430 442 _sc
117 119 _m
117 90 124 65 139 45 _c
154 25 175 15 203 15 _c
243 15 281 24 318 42 _c
354 60 384 86 407 118 _c
409 120 411 121 415 121 _c
418 121 421 119 425 115 _c
428 111 430 108 430 105 _c
430 102 429 100 428 99 _c
404 65 371 38 330 19 _c
288 0 245 -10 201 -10 _c
169 -10 140 -2 116 12 _c
92 26 73 46 60 72 _c
}_e{46 97 40 126 40 158 _c
40 203 52 248 77 292 _c
102 336 135 372 177 400 _c
219 428 263 442 309 442 _c
339 442 366 434 390 420 _c
414 405 426 384 426 356 _c
426 338 420 322 410 309 _c
399 296 385 290 367 290 _c
356 290 347 293 340 300 _c
332 306 329 315 329 326 _c
329 342 334 355 346 366 _c
357 377 370 383 386 383 _c
388 383 _l
380 394 368 402 354 408 _c
}_e{339 413 324 416 308 416 _c
269 416 235 399 206 366 _c
176 332 154 292 139 246 _c
124 200 117 157 117 119 _c
_cl}_e}_d
end readonly def

/BuildGlyph
 {exch begin
 CharStrings exch
 2 copy known not{pop /.notdef}if
 true 3 1 roll get exec
 end}_d

/BuildChar {
 1 index /Encoding get exch get
 1 index /BuildGlyph get exec
}_d

FontName currentdict end definefont pop
%!PS-Adobe-3.0 Resource-Font
%%Title: Bitstream Vera Sans
%%Copyright: Copyright (c) 2003 by Bitstream, Inc. All Rights Reserved.
%%Creator: Converted from TrueType to type 3 by PPR
25 dict begin
/_d{bind def}bind def
/_m{moveto}_d
/_l{lineto}_d
/_cl{closepath eofill}_d
/_c{curveto}_d
/_sc{7 -1 roll{setcachedevice}{pop pop pop pop pop pop}ifelse}_d
/_e{exec}_d
/FontName /BitstreamVeraSans-Roman def
/PaintType 0 def
/FontMatrix[.001 0 0 .001 0 0]def
/FontBBox[-183 -236 1287 928]def
/FontType 3 def
/Encoding [ /space /parenleft /parenright /zero /one /two /three /four /five /six /E /I /M /P /S /T /V /a /b /c /d /e /g /k /n /o /r /s /t /u /v /y ] def
/FontInfo 10 dict dup begin
/FamilyName (Bitstream Vera Sans) def
/FullName (Bitstream Vera Sans) def
/Notice (Copyright (c) 2003 by Bitstream, Inc. All Rights Reserved. Bitstream Vera is a trademark of Bitstream, Inc.) def
/Weight (Roman) def
/Version (Release 1.10) def
/ItalicAngle 0.0 def
/isFixedPitch false def
/UnderlinePosition -213 def
/UnderlineThickness 143 def
end readonly def
/CharStrings 32 dict dup begin
/space{318 0 0 0 0 0 _sc
}_d
/parenleft{390 0 86 -131 310 759 _sc
310 759 _m
266 683 234 609 213 536 _c
191 463 181 389 181 314 _c
181 238 191 164 213 91 _c
234 17 266 -56 310 -131 _c
232 -131 _l
183 -54 146 20 122 94 _c
98 168 86 241 86 314 _c
86 386 98 459 122 533 _c
146 607 182 682 232 759 _c
310 759 _l
_cl}_d
/parenright{390 0 80 -131 304 759 _sc
80 759 _m
158 759 _l
206 682 243 607 267 533 _c
291 459 304 386 304 314 _c
304 241 291 168 267 94 _c
243 20 206 -54 158 -131 _c
80 -131 _l
123 -56 155 17 177 91 _c
198 164 209 238 209 314 _c
209 389 198 463 177 536 _c
155 609 123 683 80 759 _c
_cl}_d
/zero{636 0 66 -13 570 742 _sc
318 664 _m
267 664 229 639 203 589 _c
177 539 165 464 165 364 _c
165 264 177 189 203 139 _c
229 89 267 64 318 64 _c
369 64 407 89 433 139 _c
458 189 471 264 471 364 _c
471 464 458 539 433 589 _c
407 639 369 664 318 664 _c
318 742 _m
399 742 461 709 505 645 _c
548 580 570 486 570 364 _c
570 241 548 147 505 83 _c
461 19 399 -13 318 -13 _c
236 -13 173 19 130 83 _c
87 147 66 241 66 364 _c
66 486 87 580 130 645 _c
173 709 236 742 318 742 _c
_cl}_d
/one{636 0 110 0 544 729 _sc
124 83 _m
285 83 _l
285 639 _l
110 604 _l
110 694 _l
284 729 _l
383 729 _l
383 83 _l
544 83 _l
544 0 _l
124 0 _l
124 83 _l
_cl}_d
/two{{636 0 73 0 536 742 _sc
192 83 _m
536 83 _l
536 0 _l
73 0 _l
73 83 _l
110 121 161 173 226 239 _c
290 304 331 346 348 365 _c
380 400 402 430 414 455 _c
426 479 433 504 433 528 _c
433 566 419 598 392 622 _c
365 646 330 659 286 659 _c
255 659 222 653 188 643 _c
154 632 117 616 78 594 _c
78 694 _l
118 710 155 722 189 730 _c
223 738 255 742 284 742 _c
}_e{359 742 419 723 464 685 _c
509 647 532 597 532 534 _c
532 504 526 475 515 449 _c
504 422 484 390 454 354 _c
446 344 420 317 376 272 _c
332 227 271 164 192 83 _c
_cl}_e}_d
/three{{636 0 76 -13 556 742 _sc
406 393 _m
453 383 490 362 516 330 _c
542 298 556 258 556 212 _c
556 140 531 84 482 45 _c
432 6 362 -13 271 -13 _c
240 -13 208 -10 176 -4 _c
144 1 110 10 76 22 _c
76 117 _l
103 101 133 89 166 81 _c
198 73 232 69 268 69 _c
330 69 377 81 409 105 _c
441 129 458 165 458 212 _c
458 254 443 288 413 312 _c
383 336 341 349 287 349 _c
}_e{202 349 _l
202 430 _l
291 430 _l
339 430 376 439 402 459 _c
428 478 441 506 441 543 _c
441 580 427 609 401 629 _c
374 649 336 659 287 659 _c
260 659 231 656 200 650 _c
169 644 135 635 98 623 _c
98 711 _l
135 721 170 729 203 734 _c
235 739 266 742 296 742 _c
370 742 429 725 473 691 _c
517 657 539 611 539 553 _c
539 513 527 479 504 451 _c
481 423 448 403 406 393 _c
_cl}_e}_d
/four{636 0 49 0 580 729 _sc
378 643 _m
129 254 _l
378 254 _l
378 643 _l
352 729 _m
476 729 _l
476 254 _l
580 254 _l
580 172 _l
476 172 _l
476 0 _l
378 0 _l
378 172 _l
49 172 _l
49 267 _l
352 729 _l
_cl}_d
/five{{636 0 77 -13 549 729 _sc
108 729 _m
495 729 _l
495 646 _l
198 646 _l
198 467 _l
212 472 227 476 241 478 _c
255 480 270 482 284 482 _c
365 482 429 459 477 415 _c
525 370 549 310 549 234 _c
549 155 524 94 475 51 _c
426 8 357 -13 269 -13 _c
238 -13 207 -10 175 -6 _c
143 -1 111 6 77 17 _c
77 116 _l
106 100 136 88 168 80 _c
199 72 232 69 267 69 _c
}_e{323 69 368 83 401 113 _c
433 143 450 183 450 234 _c
450 284 433 324 401 354 _c
368 384 323 399 267 399 _c
241 399 214 396 188 390 _c
162 384 135 375 108 363 _c
108 729 _l
_cl}_e}_d
/six{{636 0 70 -13 573 742 _sc
330 404 _m
286 404 251 388 225 358 _c
199 328 186 286 186 234 _c
186 181 199 139 225 109 _c
251 79 286 64 330 64 _c
374 64 409 79 435 109 _c
461 139 474 181 474 234 _c
474 286 461 328 435 358 _c
409 388 374 404 330 404 _c
526 713 _m
526 623 _l
501 635 476 644 451 650 _c
425 656 400 659 376 659 _c
310 659 260 637 226 593 _c
}_e{192 549 172 482 168 394 _c
187 422 211 444 240 459 _c
269 474 301 482 336 482 _c
409 482 467 459 509 415 _c
551 371 573 310 573 234 _c
573 159 550 99 506 54 _c
462 9 403 -13 330 -13 _c
246 -13 181 19 137 83 _c
92 147 70 241 70 364 _c
70 479 97 571 152 639 _c
206 707 280 742 372 742 _c
396 742 421 739 447 735 _c
472 730 498 723 526 713 _c
_cl}_e}_d
/E{632 0 98 0 568 729 _sc
98 729 _m
559 729 _l
559 646 _l
197 646 _l
197 430 _l
544 430 _l
544 347 _l
197 347 _l
197 83 _l
568 83 _l
568 0 _l
98 0 _l
98 729 _l
_cl}_d
/I{295 0 98 0 197 729 _sc
98 729 _m
197 729 _l
197 0 _l
98 0 _l
98 729 _l
_cl}_d
/M{863 0 98 0 765 729 _sc
98 729 _m
245 729 _l
431 233 _l
618 729 _l
765 729 _l
765 0 _l
669 0 _l
669 640 _l
481 140 _l
382 140 _l
194 640 _l
194 0 _l
98 0 _l
98 729 _l
_cl}_d
/P{603 0 98 0 569 729 _sc
197 648 _m
197 374 _l
321 374 _l
367 374 402 385 427 409 _c
452 433 465 467 465 511 _c
465 555 452 588 427 612 _c
402 636 367 648 321 648 _c
197 648 _l
98 729 _m
321 729 _l
402 729 464 710 506 673 _c
548 636 569 582 569 511 _c
569 439 548 384 506 348 _c
464 311 402 293 321 293 _c
197 293 _l
197 0 _l
98 0 _l
98 729 _l
_cl}_d
/S{{635 0 66 -13 579 742 _sc
535 705 _m
535 609 _l
497 627 462 640 429 649 _c
395 657 363 662 333 662 _c
279 662 237 651 208 631 _c
179 610 165 580 165 542 _c
165 510 174 485 194 469 _c
213 452 250 439 304 429 _c
364 417 _l
437 403 491 378 526 343 _c
561 307 579 260 579 201 _c
579 130 555 77 508 41 _c
460 5 391 -13 300 -13 _c
265 -13 228 -9 189 -2 _c
}_e{150 5 110 16 69 32 _c
69 134 _l
109 111 148 94 186 83 _c
224 71 262 66 300 66 _c
356 66 399 77 430 99 _c
460 121 476 152 476 194 _c
476 230 465 258 443 278 _c
421 298 385 313 335 323 _c
275 335 _l
201 349 148 372 115 404 _c
82 435 66 478 66 534 _c
66 598 88 649 134 686 _c
179 723 242 742 322 742 _c
356 742 390 739 426 733 _c
461 727 497 717 535 705 _c
}_e{_cl}_e}_d
/T{611 0 -2 0 614 729 _sc
-2 729 _m
614 729 _l
614 646 _l
355 646 _l
355 0 _l
256 0 _l
256 646 _l
-2 646 _l
-2 729 _l
_cl}_d
/V{684 0 8 0 676 729 _sc
286 0 _m
8 729 _l
111 729 _l
342 115 _l
573 729 _l
676 729 _l
398 0 _l
286 0 _l
_cl}_d
/a{{613 0 60 -13 522 560 _sc
343 275 _m
270 275 220 266 192 250 _c
164 233 150 205 150 165 _c
150 133 160 107 181 89 _c
202 70 231 61 267 61 _c
317 61 357 78 387 114 _c
417 149 432 196 432 255 _c
432 275 _l
343 275 _l
522 312 _m
522 0 _l
432 0 _l
432 83 _l
411 49 385 25 355 10 _c
325 -5 287 -13 243 -13 _c
187 -13 142 2 109 33 _c
76 64 60 106 60 159 _c
}_e{60 220 80 266 122 298 _c
163 329 224 345 306 345 _c
432 345 _l
432 354 _l
432 395 418 427 391 450 _c
364 472 326 484 277 484 _c
245 484 215 480 185 472 _c
155 464 127 453 100 439 _c
100 522 _l
132 534 164 544 195 550 _c
226 556 256 560 286 560 _c
365 560 424 539 463 498 _c
502 457 522 395 522 312 _c
_cl}_e}_d
/b{{635 0 91 -13 580 760 _sc
487 273 _m
487 339 473 390 446 428 _c
418 466 381 485 334 485 _c
286 485 249 466 222 428 _c
194 390 181 339 181 273 _c
181 207 194 155 222 117 _c
249 79 286 61 334 61 _c
381 61 418 79 446 117 _c
473 155 487 207 487 273 _c
181 464 _m
199 496 223 520 252 536 _c
281 552 316 560 356 560 _c
422 560 476 533 518 481 _c
559 428 580 359 580 273 _c
}_e{580 187 559 117 518 65 _c
476 13 422 -13 356 -13 _c
316 -13 281 -5 252 10 _c
223 25 199 49 181 82 _c
181 0 _l
91 0 _l
91 760 _l
181 760 _l
181 464 _l
_cl}_e}_d
/c{{550 0 55 -13 488 560 _sc
488 526 _m
488 442 _l
462 456 437 466 411 473 _c
385 480 360 484 334 484 _c
276 484 230 465 198 428 _c
166 391 150 339 150 273 _c
150 206 166 154 198 117 _c
230 80 276 62 334 62 _c
360 62 385 65 411 72 _c
437 79 462 90 488 104 _c
488 21 _l
462 9 436 0 410 -5 _c
383 -10 354 -13 324 -13 _c
242 -13 176 12 128 64 _c
}_e{79 115 55 185 55 273 _c
55 362 79 432 128 483 _c
177 534 244 560 330 560 _c
358 560 385 557 411 551 _c
437 545 463 537 488 526 _c
_cl}_e}_d
/d{{635 0 55 -13 544 760 _sc
454 464 _m
454 760 _l
544 760 _l
544 0 _l
454 0 _l
454 82 _l
435 49 411 25 382 10 _c
353 -5 319 -13 279 -13 _c
213 -13 159 13 117 65 _c
75 117 55 187 55 273 _c
55 359 75 428 117 481 _c
159 533 213 560 279 560 _c
319 560 353 552 382 536 _c
411 520 435 496 454 464 _c
148 273 _m
148 207 161 155 188 117 _c
215 79 253 61 301 61 _c
}_e{348 61 385 79 413 117 _c
440 155 454 207 454 273 _c
454 339 440 390 413 428 _c
385 466 348 485 301 485 _c
253 485 215 466 188 428 _c
161 390 148 339 148 273 _c
_cl}_e}_d
/e{{615 0 55 -13 562 560 _sc
562 296 _m
562 252 _l
149 252 _l
153 190 171 142 205 110 _c
238 78 284 62 344 62 _c
378 62 412 66 444 74 _c
476 82 509 95 541 113 _c
541 28 _l
509 14 476 3 442 -3 _c
408 -9 373 -13 339 -13 _c
251 -13 182 12 131 62 _c
80 112 55 181 55 268 _c
55 357 79 428 127 481 _c
175 533 241 560 323 560 _c
397 560 455 536 498 489 _c
}_e{540 441 562 377 562 296 _c
472 322 _m
471 371 457 410 431 440 _c
404 469 368 484 324 484 _c
274 484 234 469 204 441 _c
174 413 156 373 152 322 _c
472 322 _l
_cl}_e}_d
/g{{635 0 55 -207 544 560 _sc
454 280 _m
454 344 440 395 414 431 _c
387 467 349 485 301 485 _c
253 485 215 467 188 431 _c
161 395 148 344 148 280 _c
148 215 161 165 188 129 _c
215 93 253 75 301 75 _c
349 75 387 93 414 129 _c
440 165 454 215 454 280 _c
544 68 _m
544 -24 523 -93 482 -139 _c
440 -184 377 -207 292 -207 _c
260 -207 231 -204 203 -200 _c
175 -195 147 -188 121 -178 _c
}_e{121 -91 _l
147 -105 173 -115 199 -122 _c
225 -129 251 -133 278 -133 _c
336 -133 380 -117 410 -87 _c
439 -56 454 -10 454 52 _c
454 96 _l
435 64 411 40 382 24 _c
353 8 319 0 279 0 _c
211 0 157 25 116 76 _c
75 127 55 195 55 280 _c
55 364 75 432 116 483 _c
157 534 211 560 279 560 _c
319 560 353 552 382 536 _c
411 520 435 496 454 464 _c
454 547 _l
544 547 _l
}_e{544 68 _l
_cl}_e}_d
/k{579 0 91 0 576 760 _sc
91 760 _m
181 760 _l
181 311 _l
449 547 _l
564 547 _l
274 291 _l
576 0 _l
459 0 _l
181 267 _l
181 0 _l
91 0 _l
91 760 _l
_cl}_d
/n{634 0 91 0 549 560 _sc
549 330 _m
549 0 _l
459 0 _l
459 327 _l
459 379 448 417 428 443 _c
408 469 378 482 338 482 _c
289 482 251 466 223 435 _c
195 404 181 362 181 309 _c
181 0 _l
91 0 _l
91 547 _l
181 547 _l
181 462 _l
202 494 227 519 257 535 _c
286 551 320 560 358 560 _c
420 560 468 540 500 501 _c
532 462 549 405 549 330 _c
_cl}_d
/o{612 0 55 -13 557 560 _sc
306 484 _m
258 484 220 465 192 427 _c
164 389 150 338 150 273 _c
150 207 163 156 191 118 _c
219 80 257 62 306 62 _c
354 62 392 80 420 118 _c
448 156 462 207 462 273 _c
462 337 448 389 420 427 _c
392 465 354 484 306 484 _c
306 560 _m
384 560 445 534 490 484 _c
534 433 557 363 557 273 _c
557 183 534 113 490 63 _c
445 12 384 -13 306 -13 _c
227 -13 165 12 121 63 _c
77 113 55 183 55 273 _c
55 363 77 433 121 484 _c
165 534 227 560 306 560 _c
_cl}_d
/r{411 0 91 0 411 560 _sc
411 463 _m
401 469 390 473 378 476 _c
366 478 353 480 339 480 _c
288 480 249 463 222 430 _c
194 397 181 350 181 288 _c
181 0 _l
91 0 _l
91 547 _l
181 547 _l
181 462 _l
199 495 224 520 254 536 _c
284 552 321 560 365 560 _c
371 560 378 559 386 559 _c
393 558 401 557 411 555 _c
411 463 _l
_cl}_d
/s{{521 0 54 -13 472 560 _sc
443 531 _m
443 446 _l
417 458 391 468 364 475 _c
336 481 308 485 279 485 _c
234 485 200 478 178 464 _c
156 450 145 430 145 403 _c
145 382 153 366 169 354 _c
185 342 217 330 265 320 _c
296 313 _l
360 299 405 279 432 255 _c
458 230 472 195 472 151 _c
472 100 452 60 412 31 _c
372 1 316 -13 246 -13 _c
216 -13 186 -10 154 -5 _c
}_e{122 0 89 8 54 20 _c
54 113 _l
87 95 120 82 152 74 _c
184 65 216 61 248 61 _c
290 61 323 68 346 82 _c
368 96 380 117 380 144 _c
380 168 371 187 355 200 _c
339 213 303 226 247 238 _c
216 245 _l
160 257 119 275 95 299 _c
70 323 58 356 58 399 _c
58 450 76 490 112 518 _c
148 546 200 560 268 560 _c
301 560 332 557 362 552 _c
391 547 418 540 443 531 _c
}_e{_cl}_e}_d
/t{392 0 27 0 368 702 _sc
183 702 _m
183 547 _l
368 547 _l
368 477 _l
183 477 _l
183 180 _l
183 135 189 106 201 94 _c
213 81 238 75 276 75 _c
368 75 _l
368 0 _l
276 0 _l
206 0 158 13 132 39 _c
106 65 93 112 93 180 _c
93 477 _l
27 477 _l
27 547 _l
93 547 _l
93 702 _l
183 702 _l
_cl}_d
/u{634 0 85 -13 543 547 _sc
85 216 _m
85 547 _l
175 547 _l
175 219 _l
175 167 185 129 205 103 _c
225 77 255 64 296 64 _c
344 64 383 79 411 110 _c
439 141 453 183 453 237 _c
453 547 _l
543 547 _l
543 0 _l
453 0 _l
453 84 _l
431 50 405 26 377 10 _c
348 -5 315 -13 277 -13 _c
214 -13 166 6 134 45 _c
101 83 85 140 85 216 _c
_cl}_d
/v{592 0 30 0 562 547 _sc
30 547 _m
125 547 _l
296 88 _l
467 547 _l
562 547 _l
357 0 _l
235 0 _l
30 547 _l
_cl}_d
/y{592 0 30 -207 562 547 _sc
322 -50 _m
296 -114 271 -157 247 -177 _c
223 -197 191 -207 151 -207 _c
79 -207 _l
79 -132 _l
132 -132 _l
156 -132 175 -126 189 -114 _c
203 -102 218 -75 235 -31 _c
251 9 _l
30 547 _l
125 547 _l
296 119 _l
467 547 _l
562 547 _l
322 -50 _l
_cl}_d
end readonly def

/BuildGlyph
 {exch begin
 CharStrings exch
 2 copy known not{pop /.notdef}if
 true 3 1 roll get exec
 end}_d

/BuildChar {
 1 index /Encoding get exch get
 1 index /BuildGlyph get exec
}_d

FontName currentdict end definefont pop
%!PS-Adobe-3.0 Resource-Font
%%Title: cmr10
%%Copyright: Copyright (C) 1994, Basil K. Malyshev. All Rights Reserved.012BaKoMa Fonts Collection, Level-B.
%%Creator: Converted from TrueType to type 3 by PPR
25 dict begin
/_d{bind def}bind def
/_m{moveto}_d
/_l{lineto}_d
/_cl{closepath eofill}_d
/_c{curveto}_d
/_sc{7 -1 roll{setcachedevice}{pop pop pop pop pop pop}ifelse}_d
/_e{exec}_d
/FontName /Cmr10 def
/PaintType 0 def
/FontMatrix[.001 0 0 .001 0 0]def
/FontBBox[-44 -250 1009 750]def
/FontType 3 def
/Encoding [ /two /four /parenright /one ] def
/FontInfo 10 dict dup begin
/FamilyName (cmr10) def
/FullName (cmr10) def
/Notice (Copyright (C) 1994, Basil K. Malyshev. All Rights Reserved.012BaKoMa Fonts Collection, Level-B. ) def
/Weight (Regular) def
/Version (1.1/12-Nov-94) def
/ItalicAngle 0.0 def
/isFixedPitch false def
/UnderlinePosition -133 def
/UnderlineThickness 20 def
end readonly def
/CharStrings 4 dict dup begin
/two{{500 0 50 0 449 666 _sc
50 0 _m
50 27 _l
50 28 50 30 52 32 _c
207 204 _l
230 229 249 250 264 268 _c
278 285 293 305 307 327 _c
321 349 333 372 341 396 _c
349 419 354 444 354 470 _c
354 497 349 523 339 548 _c
329 573 314 593 294 608 _c
274 623 249 631 221 631 _c
192 631 166 622 143 605 _c
119 587 103 565 94 537 _c
96 537 100 538 105 538 _c
}_e{119 538 132 533 143 523 _c
153 513 159 500 159 484 _c
159 468 153 455 143 445 _c
132 434 119 429 105 429 _c
89 429 76 434 66 445 _c
55 456 50 469 50 484 _c
50 508 54 532 64 554 _c
73 576 86 595 104 613 _c
122 630 142 643 164 652 _c
186 661 210 666 236 666 _c
274 666 309 658 342 642 _c
375 626 401 603 420 573 _c
439 543 449 509 449 470 _c
}_e{449 441 442 414 430 388 _c
417 362 401 338 381 317 _c
361 295 336 271 305 244 _c
274 217 254 199 244 190 _c
131 81 _l
227 81 _l
274 81 313 81 345 82 _c
377 82 394 84 396 86 _c
404 94 412 125 420 178 _c
449 178 _l
421 0 _l
50 0 _l
_cl}_e}_d
/four{{500 0 28 0 471 666 _sc
28 165 _m
28 200 _l
337 661 _l
339 664 342 666 347 666 _c
362 666 _l
369 666 373 662 373 655 _c
373 200 _l
471 200 _l
471 165 _l
373 165 _l
373 67 _l
373 53 382 44 402 40 _c
422 36 444 35 470 35 _c
470 0 _l
195 0 _l
195 35 _l
220 35 242 36 262 40 _c
282 44 292 53 292 67 _c
292 165 _l
28 165 _l
61 200 _m
298 200 _l
}_e{298 554 _l
61 200 _l
_cl}_e}_d
/parenright{{388 0 56 -249 291 750 _sc
65 -249 _m
59 -249 56 -246 56 -240 _c
56 -237 56 -235 58 -234 _c
172 -122 229 38 229 250 _c
229 462 172 623 60 733 _c
57 734 56 737 56 741 _c
56 743 57 745 59 747 _c
61 749 63 750 65 750 _c
74 750 _l
76 750 77 749 79 748 _c
127 710 167 664 199 610 _c
231 556 254 498 269 437 _c
283 376 291 314 291 250 _c
291 202 287 156 279 110 _c
}_e{271 64 258 20 241 -24 _c
223 -68 201 -108 175 -146 _c
148 -184 116 -217 79 -247 _c
77 -248 76 -249 74 -249 _c
65 -249 _l
_cl}_e}_d
/one{500 0 87 0 421 666 _sc
93 0 _m
93 35 _l
176 35 218 45 218 67 _c
218 592 _l
183 575 139 567 87 567 _c
87 602 _l
168 602 230 623 272 666 _c
286 666 _l
288 666 291 665 293 663 _c
295 661 296 659 296 657 _c
296 67 _l
296 45 337 35 421 35 _c
421 0 _l
93 0 _l
_cl}_d
end readonly def

/BuildGlyph
 {exch begin
 CharStrings exch
 2 copy known not{pop /.notdef}if
 true 3 1 roll get exec
 end}_d

/BuildChar {
 1 index /Encoding get exch get
 1 index /BuildGlyph get exec
}_d

FontName currentdict end definefont pop
%!PS-Adobe-3.0 Resource-Font
%%Title: cmsy10
%%Copyright: Copyright (C) 1994, Basil K. Malyshev. All Rights Reserved.012BaKoMa Fonts Collection, Level-B.
%%Creator: Converted from TrueType to type 3 by PPR
25 dict begin
/_d{bind def}bind def
/_m{moveto}_d
/_l{lineto}_d
/_cl{closepath eofill}_d
/_c{curveto}_d
/_sc{7 -1 roll{setcachedevice}{pop pop pop pop pop pop}ifelse}_d
/_e{exec}_d
/FontName /Cmsy10 def
/PaintType 0 def
/FontMatrix[.001 0 0 .001 0 0]def
/FontBBox[-29 -960 1123 779]def
/FontType 3 def
/Encoding [ /minus ] def
/FontInfo 10 dict dup begin
/FamilyName (cmsy10) def
/FullName (cmsy10) def
/Notice (Copyright (C) 1994, Basil K. Malyshev. All Rights Reserved.012BaKoMa Fonts Collection, Level-B. ) def
/Weight (Regular) def
/Version (1.1/12-Nov-94) def
/ItalicAngle 0.0 def
/isFixedPitch false def
/UnderlinePosition -133 def
/UnderlineThickness 20 def
end readonly def
/CharStrings 1 dict dup begin
/minus{777 0 83 230 694 270 _sc
102 230 _m
96 230 92 232 88 236 _c
84 240 83 245 83 250 _c
83 254 84 259 88 263 _c
92 267 96 270 102 270 _c
676 270 _l
681 270 685 267 689 263 _c
692 259 694 254 694 250 _c
694 245 692 240 689 236 _c
685 232 681 230 676 230 _c
102 230 _l
_cl}_d
end readonly def

/BuildGlyph
 {exch begin
 CharStrings exch
 2 copy known not{pop /.notdef}if
 true 3 1 roll get exec
 end}_d

/BuildChar {
 1 index /Encoding get exch get
 1 index /BuildGlyph get exec
}_d

FontName currentdict end definefont pop
end
%%EndProlog
mpldict begin
18 180 translate
576 432 0 0 clipbox
gsave
0 0 m
576 0 l
576 432 l
0 432 l
cl
1.000 setgray
fill
grestore
gsave
72 43.2 m
518.4 43.2 l
518.4 388.8 l
72 388.8 l
cl
1.000 setgray
fill
grestore
2.000 setlinewidth
1 setlinejoin
2 setlinecap
[] 0 setdash
0.000 setgray
gsave
446.4 345.6 72 43.2 clipbox
71.6844 268.4 m
72.6546 262.828 l
73.6234 265.559 l
74.5923 269.053 l
75.5612 268.678 l
76.5319 268.93 l
77.501 269.585 l
78.4701 269.122 l
79.4392 269.173 l
80.4082 270.825 l
81.3772 270.131 l
82.3462 268.059 l
83.315 268.338 l
84.2853 269.128 l
85.2539 269.743 l
86.2239 270.884 l
87.1921 272.571 l
88.1617 273.181 l
89.1311 273.031 l
90.1002 270.892 l
91.069 269.185 l
92.0391 269.713 l
93.0072 270.981 l
93.9767 273.026 l
94.9457 274.071 l
95.9161 274.388 l
96.8842 273.02 l
97.8537 271.438 l
98.8226 272.472 l
99.7927 273.799 l
101.731 274.677 l
103.669 275.339 l
104.638 275.525 l
105.608 274.963 l
106.578 273.487 l
107.546 272.781 l
108.516 272.771 l
109.485 273.65 l
110.454 275.152 l
111.423 274.242 l
112.392 271.865 l
113.361 271.503 l
114.33 272.293 l
115.3 269.885 l
116.269 265.724 l
117.238 266.925 l
118.207 271.669 l
119.177 273.948 l
120.146 274.629 l
121.115 275.128 l
122.084 275.479 l
123.053 277.118 l
124.022 280.317 l
124.992 281.874 l
125.961 280.317 l
126.93 276.987 l
127.899 268.242 l
128.868 261.042 l
129.838 262.318 l
130.969 264.347 l
131.937 261.746 l
132.825 258.056 l
133.715 256.917 l
135.653 257.414 l
137.592 257.438 l
139.53 256.751 l
141.468 255.369 l
142.437 255.416 l
144.376 256.341 l
145.345 256.599 l
146.314 256.415 l
147.283 253.034 l
148.253 249.084 l
149.222 250.109 l
150.191 254.909 l
151.16 258.627 l
152.13 258.835 l
154.068 258.844 l
155.037 258.952 l
156.007 258.398 l
156.976 256.191 l
157.945 253.486 l
158.914 240.275 l
159.883 222.983 l
160.853 215.525 l
162.791 251.738 l
163.76 255.156 l
165.699 247.274 l
166.668 245.446 l
167.637 243.928 l
168.606 244.877 l
170.545 252.598 l
171.514 254.745 l
173.452 257.775 l
176.36 259.552 l
177.329 260.405 l
178.298 260.988 l
179.268 257.798 l
181.206 249.204 l
182.175 249.277 l
184.114 253.199 l
185.083 253.962 l
187.991 255.447 l
188.96 256.024 l
189.929 255.822 l
190.898 251.339 l
191.868 246.235 l
192.837 242.278 l
193.806 244.059 l
194.775 246.826 l
196.713 254.824 l
197.683 256.361 l
199.621 253.753 l
200.59 251.672 l
202.529 244.908 l
203.498 242.926 l
205.437 246.51 l
206.406 248.627 l
209.313 258.366 l
210.282 257.911 l
212.221 254.327 l
213.19 254.569 l
215.129 259.591 l
216.098 260.751 l
217.067 256.341 l
219.005 246.562 l
219.974 247.101 l
221.913 253.725 l
222.882 256.1 l
223.851 255.822 l
224.821 255.385 l
225.79 254.681 l
226.759 241.068 l
228.698 199.905 l
229.667 183.715 l
230.636 187.411 l
232.574 200.18 l
233.543 208.953 l
236.451 244.222 l
237.421 249.27 l
240.328 253.956 l
241.297 254.386 l
242.267 254.504 l
243.236 254.391 l
244.205 248.863 l
245.174 241.068 l
246.143 238.139 l
247.112 242.582 l
248.082 246.325 l
249.051 245.011 l
251.959 238.69 l
253.897 236.062 l
254.866 234.821 l
255.835 233.786 l
256.805 235.518 l
259.712 243.248 l
260.682 241.774 l
263.589 229.769 l
264.558 228.253 l
267.466 238.056 l
268.435 236.152 l
271.343 203.029 l
272.312 193.235 l
273.281 194.83 l
277.158 213.35 l
278.127 215.507 l
280.066 218.452 l
281.035 220.477 l
282.973 229.668 l
283.943 234.416 l
284.912 237.138 l
286.85 232.096 l
288.789 226.817 l
293.635 210.806 l
294.604 210.03 l
298.481 209.785 l
299.45 210.794 l
303.327 216.981 l
304.296 217.622 l
308.173 215.566 l
309.142 209.41 l
313.019 169.395 l
313.988 170.204 l
317.865 202.571 l
318.834 205.081 l
323.68 192.129 l
324.649 192.291 l
329.495 200.283 l
330.465 201.118 l
335.311 203.355 l
336.28 202.048 l
342.096 181.431 l
345.972 159.236 l
346.941 160.186 l
348.88 175.106 l
349.849 180.017 l
350.818 175.183 l
352.757 163.801 l
353.726 159.692 l
354.695 163.741 l
356.633 174.165 l
357.603 178.361 l
358.572 170.235 l
360.51 147.146 l
361.48 143.468 l
364.388 179.474 l
365.356 180.248 l
367.295 171.078 l
368.264 167.225 l
369.233 167.365 l
371.172 169.055 l
372.141 166.602 l
374.079 143.931 l
375.049 139.877 l
376.987 171.835 l
377.956 165.59 l
384.741 83.9757 l
385.71 75.6428 l
386.679 79.2949 l
389.587 93.8161 l
390.556 97.3479 l
391.525 96.8549 l
392.665 96.1118 l
394.517 94.5718 l
395.402 91.8311 l
397.34 68.6507 l
398.31 59.6999 l
399.637 53.6083 l
401.395 55.6512 l
403.156 56.562 l
404.125 56.9981 l
405.095 55.2372 l
407.033 47.0633 l
408.002 44.7048 l
410.909 39.7278 l
413.817 37.1381 l
415.756 35.4573 l
416.725 29.409 l
419.094 -1 l
419.094 -1 l
stroke
grestore
0.000 0.750 0.750 setrgbcolor
gsave
446.4 345.6 72 43.2 clipbox
71.6844 273.997 m
72.6546 267.133 l
73.6234 270.992 l
74.5923 275.847 l
75.5612 275.71 l
76.5319 276.12 l
77.501 276.878 l
78.4701 276.052 l
79.4392 275.939 l
80.4082 278.056 l
81.3772 277.291 l
82.3462 274.701 l
83.315 273.874 l
84.2853 273.774 l
85.2539 274.653 l
86.2239 276.613 l
87.1921 279.618 l
88.1617 280.526 l
89.1311 280.047 l
90.1002 276.211 l
91.069 273.067 l
92.0391 273.597 l
93.0072 275.687 l
93.9767 279.48 l
94.9457 281.237 l
95.9161 281.584 l
97.8537 277.399 l
98.8226 278.656 l
99.7927 280.374 l
100.761 281.255 l
101.731 281.874 l
104.638 282.354 l
105.608 281.53 l
106.578 279.5 l
107.546 278.615 l
108.516 278.758 l
109.485 279.912 l
110.454 281.784 l
111.423 280.374 l
112.392 277.009 l
113.361 277.118 l
114.33 279.202 l
115.3 274.868 l
116.269 266.961 l
117.238 269.17 l
118.207 278.056 l
119.177 281.548 l
120.146 281.384 l
121.115 281.475 l
122.084 281.802 l
123.053 283.424 l
124.022 286.652 l
124.992 289.178 l
125.961 290.383 l
126.93 289.696 l
127.899 283.475 l
128.868 278.182 l
130.969 279.461 l
131.937 272.851 l
132.825 264.556 l
133.715 260.988 l
134.684 260.098 l
135.653 259.753 l
139.53 260.817 l
140.499 259.274 l
141.468 257.4 l
142.437 256.849 l
143.407 257.102 l
144.376 257.515 l
145.345 258.232 l
146.314 258.444 l
147.283 254.956 l
148.253 250.81 l
149.222 252.183 l
150.191 257.742 l
151.16 261.955 l
152.13 261.779 l
153.099 261.296 l
154.068 261.301 l
155.037 261.524 l
156.007 260.354 l
157.945 250.76 l
158.914 238.232 l
159.883 222.831 l
160.853 216.739 l
162.791 252.708 l
163.76 255.786 l
164.729 251.143 l
165.699 248.202 l
166.668 253.159 l
167.637 259.14 l
168.606 261.124 l
170.545 254.798 l
171.514 255.627 l
172.483 257.986 l
173.452 259.835 l
174.422 259.247 l
175.391 258.357 l
176.36 258.876 l
177.329 260.367 l
178.298 261.512 l
179.268 257.747 l
181.206 247.31 l
182.175 246.928 l
184.114 250.434 l
185.083 251.315 l
187.021 252.662 l
188.96 254.332 l
189.929 254.408 l
190.898 250.25 l
191.868 245.469 l
192.837 241.251 l
193.806 239.767 l
194.775 239.436 l
195.744 245.198 l
196.713 252.33 l
197.683 254.835 l
200.59 247.395 l
202.529 243.382 l
203.498 242.763 l
206.406 251.708 l
207.375 251.78 l
209.313 251.217 l
210.282 252.395 l
214.159 259.38 l
215.129 261.194 l
216.098 261.895 l
217.067 258.042 l
219.005 249.553 l
219.974 249.897 l
221.913 255.271 l
222.882 257.174 l
223.851 256.893 l
224.821 256.475 l
225.79 255.791 l
226.759 242.409 l
228.698 201.925 l
229.667 185.504 l
230.636 186.222 l
232.574 192.362 l
233.543 199.424 l
236.451 236.628 l
237.421 242.243 l
240.328 248.64 l
241.297 249.448 l
242.267 249.884 l
243.236 249.994 l
244.205 242.426 l
245.174 231.645 l
246.143 227.648 l
247.112 233.884 l
248.082 239.377 l
249.051 239.259 l
252.928 235.195 l
255.835 232.526 l
256.805 233.277 l
259.712 236.944 l
260.682 235.102 l
263.589 223.802 l
264.558 221.9 l
267.466 227.044 l
268.435 224.184 l
271.343 191.216 l
272.312 181.471 l
273.281 183.042 l
278.127 206.437 l
281.035 220.933 l
282.973 225.381 l
283.943 227.49 l
284.912 228.978 l
286.85 228.798 l
288.789 228.421 l
289.758 226.817 l
293.635 218.588 l
294.604 213.389 l
298.481 189.501 l
299.45 190.464 l
303.327 206.898 l
304.296 209.504 l
308.173 212.677 l
309.142 206.408 l
313.019 162.026 l
313.988 159.787 l
317.865 175.119 l
318.834 175.739 l
323.68 163.538 l
324.649 162.477 l
328.527 161.033 l
329.495 160.784 l
330.465 165.496 l
335.311 202.391 l
336.28 202.477 l
341.126 161.324 l
342.096 154.613 l
343.065 154.282 l
345.972 155.6 l
346.941 156.336 l
348.88 158.425 l
349.849 158.088 l
351.788 146.707 l
352.757 140.799 l
353.726 136.4 l
354.695 139.73 l
356.633 148.62 l
357.603 151.482 l
358.572 135.215 l
360.51 92.0166 l
361.48 82.8479 l
363.418 113.867 l
364.388 130.045 l
365.356 137.496 l
367.295 145.027 l
368.264 148.006 l
369.233 146.251 l
371.172 141.195 l
372.141 136.436 l
374.079 114.468 l
375.049 108.602 l
376.987 126.133 l
377.956 118.684 l
384.741 37.8297 l
385.71 29.724 l
386.679 34.224 l
389.587 51.4556 l
390.556 56.0584 l
391.525 57.1131 l
393.634 58.7643 l
394.517 59.5702 l
395.402 56.5913 l
397.34 16.4402 l
398.31 1.55066 l
398.761 -1 l
400.274 -1 m
401.395 7.94439 l
402.186 8.56134 l
404.125 8.32042 l
405.095 5.53866 l
406.211 -1 l
406.211 -1 l
stroke
grestore
0.750 0.750 0.000 setrgbcolor
gsave
446.4 345.6 72 43.2 clipbox
71.6844 287.685 m
72.6546 285.31 l
74.5923 287.784 l
75.5612 286.428 l
76.5319 286.518 l
77.501 287.642 l
78.4701 288.276 l
79.4392 289.205 l
80.4082 290.952 l
81.3772 288.976 l
82.3462 284.82 l
83.315 284.222 l
84.2853 284.66 l
85.2539 285.575 l
86.2239 287.982 l
87.1921 291.86 l
88.1617 293.107 l
89.1311 292.526 l
90.1002 287.225 l
91.069 283.169 l
92.0391 284.979 l
93.0072 287.996 l
93.9767 292.016 l
94.9457 293.863 l
95.9161 294.206 l
96.8842 292.515 l
97.8537 290.485 l
98.8226 291.039 l
100.761 293.061 l
101.731 293.941 l
103.669 295.069 l
104.638 295.448 l
105.608 294.479 l
106.578 291.86 l
107.546 290.306 l
108.516 289.735 l
109.485 290.789 l
110.454 292.969 l
111.423 292.562 l
112.392 290.587 l
113.361 290.625 l
114.33 291.764 l
115.3 286.188 l
116.269 276.922 l
117.238 276.943 l
118.207 283.169 l
119.177 288.01 l
120.146 292.052 l
121.115 293.651 l
122.084 293.164 l
123.053 292.945 l
124.022 293.003 l
124.992 293.752 l
125.961 295.697 l
126.93 296.169 l
128.868 288.621 l
129.838 288.234 l
130.969 287.499 l
131.937 277.909 l
132.825 266.463 l
133.715 261.678 l
134.684 260.805 l
135.653 260.705 l
136.622 261.512 l
137.592 262.121 l
138.561 262.157 l
139.53 262.006 l
140.499 260.642 l
141.468 259.033 l
142.437 258.107 l
143.407 257.605 l
144.376 258.153 l
145.345 260.717 l
146.314 262.471 l
147.283 257.888 l
148.253 252.166 l
149.222 252.453 l
150.191 257.367 l
151.16 260.946 l
152.13 260.201 l
153.099 259.18 l
154.068 259.6 l
155.037 260.658 l
156.007 260.103 l
157.945 250.884 l
158.914 243.315 l
159.883 234.714 l
160.853 231.791 l
162.791 255.545 l
163.76 258.167 l
164.729 255.943 l
165.699 254.504 l
166.668 256.682 l
167.637 259.336 l
168.606 259.14 l
170.545 251.442 l
171.514 252.685 l
172.483 255.883 l
173.452 258.453 l
174.422 258.042 l
175.391 257.261 l
176.36 257.519 l
177.329 258.499 l
178.298 259.26 l
179.268 257.005 l
181.206 250.647 l
182.175 248.87 l
184.114 246.745 l
185.083 247.051 l
187.021 248.354 l
188.96 249.058 l
189.929 248.87 l
190.898 245.889 l
192.837 239.417 l
193.806 237.9 l
194.775 237.363 l
195.744 242.789 l
196.713 249.566 l
197.683 252.886 l
199.621 251.959 l
200.59 250.897 l
202.529 246.804 l
203.498 245.828 l
205.437 249.657 l
206.406 251.051 l
207.375 249.157 l
209.313 244.583 l
210.282 245.469 l
212.221 249.618 l
213.19 251.26 l
215.129 253.536 l
216.098 253.863 l
218.036 247.502 l
219.005 244.27 l
219.974 245.151 l
221.913 251.137 l
222.882 252.995 l
224.821 250.045 l
225.79 248.347 l
226.759 240.256 l
228.698 217.197 l
229.667 207.938 l
230.636 208.85 l
232.574 213.437 l
233.543 217.481 l
236.451 236.518 l
237.421 238.941 l
240.328 240.132 l
243.236 241.89 l
244.205 236.857 l
245.174 229.537 l
246.143 225.346 l
247.112 225.824 l
248.082 226.441 l
251.959 229.566 l
252.928 229.552 l
255.835 229.2 l
256.805 229.97 l
259.712 233.075 l
260.682 232.616 l
263.589 228.451 l
264.558 227.773 l
267.466 229.942 l
268.435 228.482 l
271.343 212.462 l
272.312 207.688 l
273.281 207.997 l
277.158 214.932 l
278.127 218.902 l
280.066 228.222 l
281.035 231.738 l
282.004 229.927 l
283.943 225.052 l
284.912 223.747 l
286.85 226.931 l
288.789 230.099 l
289.758 229.552 l
293.635 224.877 l
294.604 222.467 l
298.481 211.534 l
299.45 211.375 l
303.327 215.441 l
304.296 216.075 l
308.173 216.861 l
309.142 213.602 l
313.019 191.122 l
313.988 191.034 l
317.865 205.681 l
318.834 206.703 l
323.68 199.273 l
324.649 198.565 l
329.495 197.092 l
330.465 198.855 l
335.311 213.141 l
336.28 213.528 l
342.096 198.505 l
345.972 185.538 l
346.941 184.774 l
348.88 188.493 l
349.849 189.407 l
351.788 183.833 l
352.757 180.887 l
353.726 178.708 l
354.695 180.373 l
356.633 184.835 l
357.603 186.312 l
358.572 178.752 l
360.51 158.624 l
361.48 154.373 l
363.418 168.973 l
364.388 176.648 l
365.356 181.461 l
367.295 188.947 l
368.264 191.73 l
369.233 188.71 l
371.172 180.775 l
372.141 177.326 l
374.079 172.256 l
375.049 172.399 l
376.987 186.735 l
377.956 181.63 l
380.864 157.13 l
383.772 136.279 l
384.741 129.439 l
385.71 124.118 l
386.679 124.373 l
389.587 126.841 l
390.556 128.307 l
391.525 131.648 l
392.665 135.158 l
394.517 142.133 l
395.402 141.761 l
397.34 107.459 l
398.31 94.4464 l
399.637 89.3648 l
401.395 104.685 l
402.186 106.242 l
404.125 107.953 l
405.095 107.034 l
407.033 101.491 l
408.002 100.71 l
409.94 100.624 l
410.909 100.012 l
412.848 93.9184 l
415.756 84.437 l
416.725 80.523 l
419.632 65.173 l
420.602 60.2879 l
421.571 57.199 l
423.51 53.8219 l
424.478 57.3699 l
427.386 75.1874 l
428.356 68.741 l
431.263 32.9945 l
432.232 37.0551 l
434.171 66.8511 l
435.14 71.9899 l
440.955 52.701 l
442.893 45.8106 l
443.863 42.9233 l
444.832 46.4997 l
445.801 52.0246 l
446.77 53.8872 l
448.708 53.7891 l
449.678 53.4925 l
452.585 50.855 l
453.555 49.8016 l
454.524 42.5718 l
456.463 22.3194 l
457.432 15.8052 l
458.401 19.342 l
461.308 31.9027 l
462.277 32.7526 l
466.155 19.342 l
467.124 11.3652 l
468.164 -1 l
468.164 -1 l
stroke
grestore
1.000 0.000 0.000 setrgbcolor
gsave
446.4 345.6 72 43.2 clipbox
71.6844 297.932 m
72.6546 299.86 l
73.6234 298.604 l
74.5923 296.361 l
75.5612 293.83 l
76.5319 293.606 l
77.501 295.09 l
79.4392 299.033 l
80.4082 300.44 l
81.3772 297.3 l
82.3462 291.667 l
83.315 291.299 l
85.2539 293.21 l
86.2239 296.036 l
87.1921 300.721 l
88.1617 302.263 l
89.1311 301.602 l
90.1002 294.931 l
91.069 290.022 l
92.0391 293.072 l
93.9767 301.157 l
94.9457 303.061 l
95.9161 303.421 l
96.8842 301.983 l
97.8537 300.165 l
98.8226 300.044 l
99.7927 300.423 l
102.7 303.633 l
103.669 304.491 l
104.638 305.102 l
105.608 304.014 l
106.578 300.848 l
107.546 298.668 l
108.516 297.416 l
109.485 298.344 l
110.454 300.822 l
111.423 301.372 l
112.392 300.738 l
113.361 300.704 l
114.33 300.923 l
115.3 294.206 l
116.269 283.693 l
117.238 281.603 l
118.207 285.248 l
119.177 291.349 l
120.146 299.401 l
121.115 302.453 l
122.084 301.199 l
123.053 299.222 l
124.022 296.27 l
124.992 295.291 l
125.961 297.913 l
126.93 299.437 l
128.868 295.604 l
129.838 294.316 l
130.969 292.219 l
131.937 279.873 l
132.825 265.49 l
133.715 259.582 l
134.684 258.74 l
135.653 258.88 l
136.622 260.175 l
137.592 261.062 l
138.561 260.805 l
139.53 260.38 l
141.468 257.859 l
143.407 255.369 l
144.376 256.045 l
145.345 260.359 l
146.314 263.578 l
147.283 257.953 l
148.253 250.735 l
149.222 249.988 l
150.191 254.267 l
151.16 257.242 l
152.13 255.954 l
153.099 254.435 l
154.068 255.25 l
155.037 257.097 l
156.007 257.136 l
157.945 248.333 l
158.914 245.484 l
159.883 243.323 l
160.853 243.415 l
162.791 255.535 l
163.76 257.728 l
165.699 257.789 l
167.637 256.613 l
168.606 254.321 l
170.545 245.523 l
171.514 247.173 l
172.483 251.156 l
173.452 254.408 l
174.422 254.186 l
175.391 253.525 l
176.36 253.536 l
178.298 254.413 l
179.268 253.603 l
181.206 251.156 l
182.175 248.057 l
184.114 240.567 l
185.083 240.322 l
187.021 241.586 l
187.991 241.532 l
188.96 241.36 l
189.929 240.921 l
191.868 236.977 l
192.837 234.997 l
193.806 233.501 l
194.775 232.796 l
195.744 237.879 l
196.713 244.278 l
197.683 248.361 l
199.621 251.442 l
200.59 251.588 l
202.529 247.388 l
203.498 246.048 l
205.437 247.573 l
206.406 247.686 l
207.375 243.969 l
209.313 235.667 l
210.282 236.263 l
212.221 241.004 l
213.19 242.504 l
215.129 243.532 l
216.098 243.507 l
218.036 238.841 l
219.005 236.507 l
219.974 237.9 l
221.913 244.487 l
222.882 246.295 l
224.821 241.214 l
225.79 238.548 l
229.667 226.556 l
230.636 227.695 l
232.574 230.898 l
233.543 232.096 l
236.451 233.822 l
237.421 233.189 l
240.328 229.406 l
241.297 229.841 l
243.236 231.537 l
244.205 228.948 l
246.143 220.623 l
247.112 215.581 l
248.082 211.525 l
249.051 213.133 l
251.959 220.644 l
252.928 221.522 l
255.835 223.359 l
258.743 225.908 l
263.589 230.255 l
264.558 230.759 l
268.435 230.042 l
272.312 230.099 l
273.281 229.215 l
276.189 225.925 l
277.158 225.122 l
278.127 228.207 l
280.066 236.803 l
281.035 239.318 l
282.004 233.576 l
283.943 220.119 l
284.912 216.199 l
286.85 222.525 l
288.789 228.978 l
289.758 229.406 l
293.635 228.068 l
294.604 228.344 l
298.481 230.085 l
299.45 228.858 l
303.327 221.015 l
304.296 219.756 l
313.019 216.224 l
313.988 218.225 l
317.865 232.448 l
318.834 233.884 l
323.68 230.98 l
324.649 230.634 l
329.495 229.494 l
330.465 228.405 l
335.311 220.686 l
336.28 221.341 l
341.126 236.562 l
342.096 237.952 l
343.065 231.937 l
345.972 211.384 l
346.941 209.197 l
348.88 214.656 l
349.849 216.812 l
350.818 216.909 l
353.726 216.593 l
356.633 216.957 l
357.603 217.149 l
358.572 217.995 l
360.51 220.077 l
361.48 220.602 l
364.388 218.991 l
365.356 221.199 l
367.295 228.421 l
368.264 230.911 l
369.233 226.72 l
371.172 216.15 l
372.141 213.974 l
374.079 224.982 l
376.987 242.357 l
377.956 239.495 l
380.864 224.684 l
381.833 221.821 l
385.71 211.896 l
389.587 196.477 l
390.556 194.952 l
393.634 212.493 l
394.517 218.498 l
395.402 220.623 l
398.31 181.029 l
399.637 178.203 l
401.395 194.701 l
402.186 197.15 l
404.125 200.743 l
405.095 201.616 l
407.033 201.446 l
408.002 201.709 l
409.94 202.472 l
410.909 202.057 l
412.848 194.406 l
415.756 182.446 l
416.725 181.669 l
420.602 192.612 l
421.571 194.63 l
423.51 197.899 l
424.478 198.865 l
426.417 200.194 l
427.386 200.451 l
428.356 187.182 l
431.263 129.022 l
432.232 135.678 l
434.171 184.713 l
435.14 193.592 l
439.986 173.215 l
442.893 159.453 l
443.863 155.964 l
444.832 165.059 l
445.801 178.01 l
446.77 184.058 l
448.708 189.065 l
449.678 190.966 l
452.585 192.567 l
453.555 192.707 l
454.524 180.497 l
456.463 144.4 l
457.432 133.277 l
458.401 141.423 l
461.308 169.588 l
462.277 173.87 l
466.155 165.459 l
467.124 167.884 l
470.032 185.529 l
471.001 186.727 l
474.878 186.255 l
475.847 186.492 l
479.723 188.061 l
480.693 186.255 l
484.569 170.235 l
484.569 170.235 l
stroke
grestore
0.000 0.500 0.000 setrgbcolor
gsave
446.4 345.6 72 43.2 clipbox
71.6844 315.656 m
72.6546 317.239 l
73.6234 315.642 l
74.5923 313.042 l
75.5612 310.082 l
76.5319 309.736 l
77.501 311.319 l
79.4392 315.633 l
80.4082 316.931 l
81.3772 313.36 l
82.3462 307.361 l
83.315 309.109 l
84.2853 311.997 l
85.2539 312.635 l
86.2239 314.566 l
87.1921 317.963 l
88.1617 319.242 l
89.1311 318.909 l
90.1002 313.745 l
91.069 310.094 l
93.0072 316.158 l
93.9767 318.613 l
94.9457 319.93 l
95.9161 320.405 l
96.8842 318.798 l
97.8537 316.843 l
98.8226 317.448 l
99.7927 318.342 l
100.761 318.447 l
101.731 318.905 l
102.7 320.439 l
103.669 321.644 l
104.638 322.195 l
105.608 320.722 l
106.578 316.763 l
107.546 314.39 l
108.516 313.513 l
109.485 314.556 l
110.454 316.989 l
111.423 317.775 l
112.392 317.543 l
113.361 316.624 l
114.33 315.262 l
115.3 310.452 l
116.269 303.76 l
117.238 299.374 l
118.207 296.78 l
119.177 302.191 l
120.146 313.851 l
121.115 318.571 l
122.084 317.561 l
123.053 315.888 l
124.022 313.345 l
124.992 311.986 l
125.961 312.803 l
126.93 312.761 l
128.868 307.127 l
130.969 299.667 l
131.937 285.96 l
132.825 270.516 l
133.715 264.448 l
134.684 264.011 l
135.653 264.074 l
136.622 264.724 l
137.592 265.092 l
139.53 264.132 l
141.468 262.588 l
143.407 260.6 l
144.376 260.776 l
145.345 263.308 l
146.314 265.194 l
147.283 261.847 l
148.253 257.548 l
149.222 257.126 l
150.191 259.709 l
151.16 261.431 l
153.099 259.122 l
154.068 259.318 l
155.037 260.15 l
156.007 260.15 l
157.945 256.055 l
159.883 252.995 l
160.853 252.817 l
162.791 259.055 l
163.76 259.999 l
167.637 258.889 l
168.606 257.362 l
170.545 251.223 l
171.514 252.207 l
172.483 254.734 l
173.452 256.785 l
174.422 256.539 l
175.391 256.004 l
176.36 255.923 l
178.298 256.296 l
179.268 254.967 l
181.206 251.406 l
183.144 248.836 l
184.114 247.672 l
186.052 245.942 l
187.021 245.291 l
187.991 245.798 l
188.96 246.517 l
189.929 246.906 l
190.898 245.515 l
193.806 240.707 l
194.775 239.719 l
195.744 242.874 l
196.713 246.949 l
197.683 249.409 l
199.621 250.779 l
200.59 250.71 l
202.529 248.119 l
203.498 247.303 l
205.437 248.292 l
206.406 248.313 l
207.375 245.531 l
209.313 239.299 l
210.282 238.801 l
212.221 239.758 l
213.19 240.473 l
215.129 242.418 l
216.098 242.909 l
218.036 239.67 l
219.005 238.015 l
219.974 238.781 l
221.913 242.78 l
222.882 243.822 l
224.821 240.294 l
225.79 238.447 l
227.728 233.339 l
228.698 230.648 l
229.667 228.39 l
230.636 228.13 l
232.574 228.145 l
233.543 228.482 l
236.451 231.008 l
237.421 230.911 l
240.328 229.171 l
241.297 229.581 l
242.267 230.269 l
243.236 230.676 l
244.205 224.202 l
245.174 214.835 l
246.143 207.664 l
247.112 203.75 l
248.082 200.54 l
249.051 201.136 l
251.959 204.762 l
252.928 205.073 l
255.835 205.553 l
257.774 206.609 l
259.712 207.761 l
261.651 208.475 l
263.589 209.089 l
264.558 209.21 l
267.466 208.498 l
268.435 208.481 l
272.312 209.797 l
273.281 209.056 l
276.189 206.056 l
277.158 205.22 l
278.127 206.521 l
280.066 210.465 l
281.035 211.435 l
282.004 207.779 l
283.943 199.361 l
284.912 196.915 l
286.85 200.931 l
288.789 205.054 l
289.758 205.704 l
293.635 206.696 l
294.604 206.105 l
298.481 202.818 l
300.419 201.651 l
303.327 200.038 l
304.296 200.066 l
308.173 202.827 l
309.142 202.507 l
313.019 198.45 l
313.988 199.603 l
317.865 209.817 l
318.834 211.212 l
323.68 212.68 l
324.649 212.189 l
329.495 207.73 l
330.465 207.619 l
335.311 209.132 l
336.28 210.368 l
341.126 221.602 l
342.096 222.253 l
343.065 215.819 l
345.972 194.138 l
346.941 192.239 l
348.88 199.627 l
349.849 202.429 l
350.818 201.916 l
352.757 200.302 l
353.726 199.719 l
354.695 200.32 l
357.603 202.652 l
360.51 205.655 l
361.48 206.083 l
364.388 203.713 l
365.356 205.278 l
367.295 210.766 l
368.264 212.579 l
369.233 208.79 l
371.172 199.386 l
372.141 197.702 l
374.079 209.207 l
376.987 227.773 l
377.956 224.947 l
380.864 209.897 l
381.833 206.891 l
385.71 196.301 l
389.587 180.989 l
390.556 179.463 l
393.634 196.759 l
394.517 202.678 l
395.402 204.734 l
398.31 165.288 l
399.637 162.498 l
401.395 179.039 l
402.186 181.511 l
404.125 185.155 l
405.095 186.082 l
407.033 186.082 l
408.971 186.767 l
409.94 187.158 l
410.909 186.751 l
412.848 179.05 l
415.756 167.013 l
416.725 166.33 l
420.602 178.214 l
421.571 180.383 l
423.51 183.86 l
424.478 184.748 l
426.417 185.748 l
427.386 185.84 l
428.356 172.37 l
431.263 113.538 l
432.232 120.272 l
434.171 169.89 l
435.14 178.874 l
439.986 158.365 l
442.893 144.5 l
443.863 140.991 l
444.832 150.255 l
445.801 163.415 l
446.77 169.604 l
448.708 174.757 l
449.678 176.72 l
452.585 178.462 l
453.555 178.63 l
454.524 166.275 l
456.463 129.693 l
457.432 118.438 l
458.401 126.717 l
461.308 155.361 l
462.277 159.739 l
466.155 151.476 l
467.124 154.222 l
470.032 173.394 l
471.001 174.796 l
474.878 174.653 l
475.847 174.952 l
479.723 176.781 l
480.693 174.977 l
484.569 158.797 l
484.569 158.797 l
stroke
grestore
0.000 0.000 1.000 setrgbcolor
gsave
446.4 345.6 72 43.2 clipbox
71.6844 331.225 m
72.6546 332.325 l
73.6234 330.466 l
74.5923 327.615 l
75.5612 324.259 l
76.5319 323.793 l
77.501 325.464 l
79.4392 330.087 l
80.4082 331.3 l
81.3772 327.322 l
82.3462 320.998 l
83.315 324.866 l
84.2853 329.692 l
85.2539 329.998 l
86.2239 331.014 l
87.1921 333.079 l
88.1617 334.08 l
89.1311 334.08 l
90.1002 330.474 l
91.069 328.107 l
92.0391 331.067 l
93.0072 333.264 l
95.9161 335.255 l
96.8842 333.47 l
97.8537 331.374 l
99.7927 334.169 l
100.761 333.287 l
101.731 333.079 l
102.7 335.128 l
103.669 336.662 l
104.638 337.159 l
105.608 335.298 l
106.578 330.574 l
107.546 328.022 l
108.516 327.511 l
109.485 328.686 l
110.454 331.075 l
111.423 332.085 l
112.392 332.205 l
113.361 330.392 l
116.269 321.769 l
117.238 315.148 l
118.207 306.382 l
119.177 311.058 l
120.146 326.227 l
121.115 332.587 l
122.084 331.818 l
123.053 330.52 l
124.022 328.472 l
124.992 326.788 l
125.961 325.761 l
126.93 324.097 l
128.868 316.503 l
130.969 304.838 l
131.937 289.905 l
132.825 273.59 l
133.715 267.433 l
137.592 267.204 l
139.53 265.98 l
141.468 265.393 l
142.437 264.77 l
143.407 263.934 l
144.376 263.612 l
145.345 264.307 l
146.314 264.813 l
147.283 263.753 l
148.253 262.397 l
149.222 262.342 l
150.191 263.263 l
151.16 263.764 l
153.099 261.982 l
154.068 261.553 l
155.037 261.35 l
156.007 261.292 l
157.945 261.863 l
158.914 261.309 l
159.883 260.431 l
160.853 259.887 l
162.791 260.6 l
163.76 260.308 l
165.699 259.113 l
167.637 259.26 l
168.606 258.558 l
170.545 255.135 l
171.514 255.421 l
172.483 256.47 l
173.452 257.29 l
174.422 257.01 l
175.391 256.594 l
176.36 256.43 l
177.329 256.44 l
178.298 256.326 l
179.268 254.44 l
181.206 249.657 l
182.175 250.026 l
183.144 251.618 l
184.114 252.937 l
185.083 251.4 l
186.052 249.078 l
187.021 247.195 l
187.991 248.251 l
188.96 249.872 l
189.929 251.088 l
190.898 250.148 l
192.837 247.573 l
193.806 246.04 l
194.775 244.79 l
195.744 246.002 l
196.713 247.764 l
197.683 248.572 l
200.59 247.778 l
202.529 246.804 l
203.498 246.517 l
205.437 247.036 l
206.406 246.993 l
207.375 245.214 l
209.313 241.178 l
211.252 238.17 l
212.221 236.748 l
213.19 236.683 l
215.129 239.573 l
216.098 240.567 l
217.067 239.719 l
219.005 237.68 l
219.974 237.806 l
221.913 239.21 l
222.882 239.485 l
224.821 237.596 l
225.79 236.584 l
226.759 234.679 l
229.667 227.6 l
232.574 222.812 l
233.543 222.37 l
236.451 226.193 l
237.421 226.736 l
240.328 227.14 l
242.267 227.991 l
243.236 228.006 l
244.205 217.528 l
245.174 202.691 l
246.143 192.643 l
247.112 189.923 l
248.082 187.621 l
249.051 187.174 l
251.959 186.743 l
255.835 185.487 l
256.805 185.631 l
259.712 186.435 l
260.682 186.337 l
265.527 184.783 l
267.466 184.272 l
268.435 184.308 l
272.312 186.189 l
273.281 185.622 l
277.158 182.36 l
279.097 181.55 l
280.066 181.191 l
281.035 180.642 l
282.973 177.618 l
283.943 176.05 l
284.912 175.144 l
287.82 177.548 l
292.666 181.689 l
293.635 182.331 l
294.604 180.775 l
298.481 172.054 l
299.45 172.039 l
303.327 175.827 l
304.296 177.15 l
308.173 184.192 l
309.142 183.842 l
313.019 176.624 l
313.988 176.828 l
318.834 184.112 l
323.68 189.66 l
324.649 188.998 l
329.495 181.181 l
330.465 182.1 l
335.311 193.29 l
336.28 195.056 l
341.126 201.289 l
342.096 201.09 l
344.034 186.871 l
345.972 171.937 l
346.941 170.36 l
348.88 179.506 l
349.849 182.854 l
350.818 181.669 l
352.757 178.474 l
353.726 177.315 l
354.695 178.429 l
357.603 182.703 l
358.572 183.486 l
360.51 184.73 l
361.48 184.878 l
364.388 182.418 l
365.356 183.376 l
367.295 187.079 l
368.264 188.198 l
369.233 184.852 l
371.172 176.696 l
372.141 175.45 l
374.079 186.815 l
376.987 206.205 l
377.956 203.334 l
380.864 187.838 l
381.833 184.538 l
385.71 172.81 l
389.587 158.146 l
390.556 156.695 l
393.634 173.311 l
394.517 178.995 l
395.402 180.877 l
398.31 141.502 l
399.637 135.46 l
401.395 151.865 l
402.186 154.323 l
404.125 157.941 l
405.095 158.871 l
407.033 158.871 l
408.002 159.139 l
409.94 159.928 l
410.909 159.525 l
412.848 151.891 l
415.756 139.951 l
416.725 139.278 l
420.602 151.07 l
421.571 153.224 l
423.51 156.671 l
424.478 157.555 l
426.417 158.55 l
427.386 158.649 l
428.356 145.277 l
431.263 86.909 l
432.232 93.5868 l
434.171 142.819 l
435.14 151.741 l
439.986 131.398 l
442.893 117.647 l
443.863 114.162 l
444.832 123.359 l
445.801 136.418 l
446.77 142.547 l
448.708 147.666 l
449.678 149.62 l
452.585 151.343 l
453.555 151.518 l
454.524 139.251 l
456.463 102.956 l
457.432 91.7953 l
458.401 100.015 l
461.308 128.44 l
462.277 132.773 l
466.155 124.587 l
467.124 127.313 l
470.032 146.341 l
471.001 147.731 l
474.878 147.585 l
475.847 147.892 l
479.723 149.702 l
480.693 147.922 l
484.569 131.865 l
484.569 131.865 l
stroke
grestore
0.500 setlinewidth
0 setlinecap
0.000 setgray
gsave
/o {
gsave
newpath
translate
0.5 setlinewidth
1 setlinejoin
0 setlinecap
0 0 m
0 4 l
gsave
0.000 setgray
fill
grestore
stroke
grestore
} bind def
72 43.2 o
grestore
gsave
/o {
gsave
newpath
translate
0.5 setlinewidth
1 setlinejoin
0 setlinecap
0 0 m
0 -4 l
gsave
0.000 setgray
fill
grestore
stroke
grestore
} bind def
72 388.8 o
grestore
gsave
47.500000 17.403125 translate
0.000000 rotate
/BitstreamVeraSans-Roman findfont
25.0 scalefont
setfont
0.000000 0.121875 moveto
/one glyphshow

15.905762 0.121875 moveto
/zero glyphshow

/BitstreamVeraSans-Roman findfont
17.5 scalefont
setfont
31.811523 13.246875 moveto
/one glyphshow


grestore
gsave
/o {
gsave
newpath
translate
0.5 setlinewidth
1 setlinejoin
0 setlinecap
0 0 m
0 4 l
gsave
0.000 setgray
fill
grestore
stroke
grestore
} bind def
518.4 43.2 o
grestore
gsave
/o {
gsave
newpath
translate
0.5 setlinewidth
1 setlinejoin
0 setlinecap
0 0 m
0 -4 l
gsave
0.000 setgray
fill
grestore
stroke
grestore
} bind def
518.4 388.8 o
grestore
gsave
493.900000 16.403125 translate
0.000000 rotate
/BitstreamVeraSans-Roman findfont
25.0 scalefont
setfont
0.000000 0.881250 moveto
/one glyphshow

15.905762 0.881250 moveto
/zero glyphshow

/BitstreamVeraSans-Roman findfont
17.5 scalefont
setfont
31.811523 14.006250 moveto
/two glyphshow


grestore
gsave
/o {
gsave
newpath
translate
0.5 setlinewidth
1 setlinejoin
0 setlinecap
0 0 m
0 2 l
gsave
0.000 setgray
fill
grestore
stroke
grestore
} bind def
206.38 43.2 o
grestore
gsave
/o {
gsave
newpath
translate
0.5 setlinewidth
1 setlinejoin
0 setlinecap
0 0 m
0 -2 l
gsave
0.000 setgray
fill
grestore
stroke
grestore
} bind def
206.38 388.8 o
grestore
gsave
/o {
gsave
newpath
translate
0.5 setlinewidth
1 setlinejoin
0 setlinecap
0 0 m
0 2 l
gsave
0.000 setgray
fill
grestore
stroke
grestore
} bind def
284.987 43.2 o
grestore
gsave
/o {
gsave
newpath
translate
0.5 setlinewidth
1 setlinejoin
0 setlinecap
0 0 m
0 -2 l
gsave
0.000 setgray
fill
grestore
stroke
grestore
} bind def
284.987 388.8 o
grestore
gsave
/o {
gsave
newpath
translate
0.5 setlinewidth
1 setlinejoin
0 setlinecap
0 0 m
0 2 l
gsave
0.000 setgray
fill
grestore
stroke
grestore
} bind def
340.76 43.2 o
grestore
gsave
/o {
gsave
newpath
translate
0.5 setlinewidth
1 setlinejoin
0 setlinecap
0 0 m
0 -2 l
gsave
0.000 setgray
fill
grestore
stroke
grestore
} bind def
340.76 388.8 o
grestore
gsave
/o {
gsave
newpath
translate
0.5 setlinewidth
1 setlinejoin
0 setlinecap
0 0 m
0 2 l
gsave
0.000 setgray
fill
grestore
stroke
grestore
} bind def
384.02 43.2 o
grestore
gsave
/o {
gsave
newpath
translate
0.5 setlinewidth
1 setlinejoin
0 setlinecap
0 0 m
0 -2 l
gsave
0.000 setgray
fill
grestore
stroke
grestore
} bind def
384.02 388.8 o
grestore
gsave
/o {
gsave
newpath
translate
0.5 setlinewidth
1 setlinejoin
0 setlinecap
0 0 m
0 2 l
gsave
0.000 setgray
fill
grestore
stroke
grestore
} bind def
419.367 43.2 o
grestore
gsave
/o {
gsave
newpath
translate
0.5 setlinewidth
1 setlinejoin
0 setlinecap
0 0 m
0 -2 l
gsave
0.000 setgray
fill
grestore
stroke
grestore
} bind def
419.367 388.8 o
grestore
gsave
/o {
gsave
newpath
translate
0.5 setlinewidth
1 setlinejoin
0 setlinecap
0 0 m
0 2 l
gsave
0.000 setgray
fill
grestore
stroke
grestore
} bind def
449.252 43.2 o
grestore
gsave
/o {
gsave
newpath
translate
0.5 setlinewidth
1 setlinejoin
0 setlinecap
0 0 m
0 -2 l
gsave
0.000 setgray
fill
grestore
stroke
grestore
} bind def
449.252 388.8 o
grestore
gsave
/o {
gsave
newpath
translate
0.5 setlinewidth
1 setlinejoin
0 setlinecap
0 0 m
0 2 l
gsave
0.000 setgray
fill
grestore
stroke
grestore
} bind def
475.139 43.2 o
grestore
gsave
/o {
gsave
newpath
translate
0.5 setlinewidth
1 setlinejoin
0 setlinecap
0 0 m
0 -2 l
gsave
0.000 setgray
fill
grestore
stroke
grestore
} bind def
475.139 388.8 o
grestore
gsave
/o {
gsave
newpath
translate
0.5 setlinewidth
1 setlinejoin
0 setlinecap
0 0 m
0 2 l
gsave
0.000 setgray
fill
grestore
stroke
grestore
} bind def
497.974 43.2 o
grestore
gsave
/o {
gsave
newpath
translate
0.5 setlinewidth
1 setlinejoin
0 setlinecap
0 0 m
0 -2 l
gsave
0.000 setgray
fill
grestore
stroke
grestore
} bind def
497.974 388.8 o
grestore
/BitstreamVeraSans-Roman findfont
33.000 scalefont
setfont
gsave
199.309375 -18.878125 translate
0.000000 rotate
0.000000 0.000000 m /E glyphshow
20.850586 0.000000 m /n glyphshow
41.765625 0.000000 m /e glyphshow
62.068359 0.000000 m /r glyphshow
75.010742 0.000000 m /g glyphshow
95.958008 0.000000 m /y glyphshow
115.487305 0.000000 m /space glyphshow
125.977051 0.000000 m /parenleft glyphshow
138.851562 0.000000 m /e glyphshow
159.154297 0.000000 m /V glyphshow
181.729004 0.000000 m /parenright glyphshow
grestore
gsave
/o {
gsave
newpath
translate
0.5 setlinewidth
1 setlinejoin
0 setlinecap
0 0 m
4 0 l
gsave
0.000 setgray
fill
grestore
stroke
grestore
} bind def
72 43.2 o
grestore
gsave
/o {
gsave
newpath
translate
0.5 setlinewidth
1 setlinejoin
0 setlinecap
0 0 m
-4 0 l
gsave
0.000 setgray
fill
grestore
stroke
grestore
} bind def
518.4 43.2 o
grestore
gsave
19.000000 34.403125 translate
0.000000 rotate
/BitstreamVeraSans-Roman findfont
25.0 scalefont
setfont
0.000000 0.881250 moveto
/one glyphshow

15.905762 0.881250 moveto
/zero glyphshow

/BitstreamVeraSans-Roman findfont
17.5 scalefont
setfont
31.811523 14.006250 moveto
/zero glyphshow


grestore
gsave
/o {
gsave
newpath
translate
0.5 setlinewidth
1 setlinejoin
0 setlinecap
0 0 m
4 0 l
gsave
0.000 setgray
fill
grestore
stroke
grestore
} bind def
72 100.8 o
grestore
gsave
/o {
gsave
newpath
translate
0.5 setlinewidth
1 setlinejoin
0 setlinecap
0 0 m
-4 0 l
gsave
0.000 setgray
fill
grestore
stroke
grestore
} bind def
518.4 100.8 o
grestore
gsave
19.000000 92.503125 translate
0.000000 rotate
/BitstreamVeraSans-Roman findfont
25.0 scalefont
setfont
0.000000 0.121875 moveto
/one glyphshow

15.905762 0.121875 moveto
/zero glyphshow

/BitstreamVeraSans-Roman findfont
17.5 scalefont
setfont
31.811523 13.246875 moveto
/one glyphshow


grestore
gsave
/o {
gsave
newpath
translate
0.5 setlinewidth
1 setlinejoin
0 setlinecap
0 0 m
4 0 l
gsave
0.000 setgray
fill
grestore
stroke
grestore
} bind def
72 158.4 o
grestore
gsave
/o {
gsave
newpath
translate
0.5 setlinewidth
1 setlinejoin
0 setlinecap
0 0 m
-4 0 l
gsave
0.000 setgray
fill
grestore
stroke
grestore
} bind def
518.4 158.4 o
grestore
gsave
19.000000 149.603125 translate
0.000000 rotate
/BitstreamVeraSans-Roman findfont
25.0 scalefont
setfont
0.000000 0.881250 moveto
/one glyphshow

15.905762 0.881250 moveto
/zero glyphshow

/BitstreamVeraSans-Roman findfont
17.5 scalefont
setfont
31.811523 14.006250 moveto
/two glyphshow


grestore
gsave
/o {
gsave
newpath
translate
0.5 setlinewidth
1 setlinejoin
0 setlinecap
0 0 m
4 0 l
gsave
0.000 setgray
fill
grestore
stroke
grestore
} bind def
72 216 o
grestore
gsave
/o {
gsave
newpath
translate
0.5 setlinewidth
1 setlinejoin
0 setlinecap
0 0 m
-4 0 l
gsave
0.000 setgray
fill
grestore
stroke
grestore
} bind def
518.4 216 o
grestore
gsave
19.000000 207.203125 translate
0.000000 rotate
/BitstreamVeraSans-Roman findfont
25.0 scalefont
setfont
0.000000 0.881250 moveto
/one glyphshow

15.905762 0.881250 moveto
/zero glyphshow

/BitstreamVeraSans-Roman findfont
17.5 scalefont
setfont
31.811523 14.006250 moveto
/three glyphshow


grestore
gsave
/o {
gsave
newpath
translate
0.5 setlinewidth
1 setlinejoin
0 setlinecap
0 0 m
4 0 l
gsave
0.000 setgray
fill
grestore
stroke
grestore
} bind def
72 273.6 o
grestore
gsave
/o {
gsave
newpath
translate
0.5 setlinewidth
1 setlinejoin
0 setlinecap
0 0 m
-4 0 l
gsave
0.000 setgray
fill
grestore
stroke
grestore
} bind def
518.4 273.6 o
grestore
gsave
19.000000 265.303125 translate
0.000000 rotate
/BitstreamVeraSans-Roman findfont
25.0 scalefont
setfont
0.000000 0.121875 moveto
/one glyphshow

15.905762 0.121875 moveto
/zero glyphshow

/BitstreamVeraSans-Roman findfont
17.5 scalefont
setfont
31.811523 13.246875 moveto
/four glyphshow


grestore
gsave
/o {
gsave
newpath
translate
0.5 setlinewidth
1 setlinejoin
0 setlinecap
0 0 m
4 0 l
gsave
0.000 setgray
fill
grestore
stroke
grestore
} bind def
72 331.2 o
grestore
gsave
/o {
gsave
newpath
translate
0.5 setlinewidth
1 setlinejoin
0 setlinecap
0 0 m
-4 0 l
gsave
0.000 setgray
fill
grestore
stroke
grestore
} bind def
518.4 331.2 o
grestore
gsave
19.000000 322.903125 translate
0.000000 rotate
/BitstreamVeraSans-Roman findfont
25.0 scalefont
setfont
0.000000 0.121875 moveto
/one glyphshow

15.905762 0.121875 moveto
/zero glyphshow

/BitstreamVeraSans-Roman findfont
17.5 scalefont
setfont
31.811523 13.246875 moveto
/five glyphshow


grestore
gsave
/o {
gsave
newpath
translate
0.5 setlinewidth
1 setlinejoin
0 setlinecap
0 0 m
4 0 l
gsave
0.000 setgray
fill
grestore
stroke
grestore
} bind def
72 388.8 o
grestore
gsave
/o {
gsave
newpath
translate
0.5 setlinewidth
1 setlinejoin
0 setlinecap
0 0 m
-4 0 l
gsave
0.000 setgray
fill
grestore
stroke
grestore
} bind def
518.4 388.8 o
grestore
gsave
19.000000 380.003125 translate
0.000000 rotate
/BitstreamVeraSans-Roman findfont
25.0 scalefont
setfont
0.000000 0.881250 moveto
/one glyphshow

15.905762 0.881250 moveto
/zero glyphshow

/BitstreamVeraSans-Roman findfont
17.5 scalefont
setfont
31.811523 14.006250 moveto
/six glyphshow


grestore
gsave
/o {
gsave
newpath
translate
0.5 setlinewidth
1 setlinejoin
0 setlinecap
0 0 m
2 0 l
gsave
0.000 setgray
fill
grestore
stroke
grestore
} bind def
72 60.5393 o
grestore
gsave
/o {
gsave
newpath
translate
0.5 setlinewidth
1 setlinejoin
0 setlinecap
0 0 m
-2 0 l
gsave
0.000 setgray
fill
grestore
stroke
grestore
} bind def
518.4 60.5393 o
grestore
gsave
/o {
gsave
newpath
translate
0.5 setlinewidth
1 setlinejoin
0 setlinecap
0 0 m
2 0 l
gsave
0.000 setgray
fill
grestore
stroke
grestore
} bind def
72 70.6822 o
grestore
gsave
/o {
gsave
newpath
translate
0.5 setlinewidth
1 setlinejoin
0 setlinecap
0 0 m
-2 0 l
gsave
0.000 setgray
fill
grestore
stroke
grestore
} bind def
518.4 70.6822 o
grestore
gsave
/o {
gsave
newpath
translate
0.5 setlinewidth
1 setlinejoin
0 setlinecap
0 0 m
2 0 l
gsave
0.000 setgray
fill
grestore
stroke
grestore
} bind def
72 77.8787 o
grestore
gsave
/o {
gsave
newpath
translate
0.5 setlinewidth
1 setlinejoin
0 setlinecap
0 0 m
-2 0 l
gsave
0.000 setgray
fill
grestore
stroke
grestore
} bind def
518.4 77.8787 o
grestore
gsave
/o {
gsave
newpath
translate
0.5 setlinewidth
1 setlinejoin
0 setlinecap
0 0 m
2 0 l
gsave
0.000 setgray
fill
grestore
stroke
grestore
} bind def
72 83.4607 o
grestore
gsave
/o {
gsave
newpath
translate
0.5 setlinewidth
1 setlinejoin
0 setlinecap
0 0 m
-2 0 l
gsave
0.000 setgray
fill
grestore
stroke
grestore
} bind def
518.4 83.4607 o
grestore
gsave
/o {
gsave
newpath
translate
0.5 setlinewidth
1 setlinejoin
0 setlinecap
0 0 m
2 0 l
gsave
0.000 setgray
fill
grestore
stroke
grestore
} bind def
72 88.0215 o
grestore
gsave
/o {
gsave
newpath
translate
0.5 setlinewidth
1 setlinejoin
0 setlinecap
0 0 m
-2 0 l
gsave
0.000 setgray
fill
grestore
stroke
grestore
} bind def
518.4 88.0215 o
grestore
gsave
/o {
gsave
newpath
translate
0.5 setlinewidth
1 setlinejoin
0 setlinecap
0 0 m
2 0 l
gsave
0.000 setgray
fill
grestore
stroke
grestore
} bind def
72 91.8776 o
grestore
gsave
/o {
gsave
newpath
translate
0.5 setlinewidth
1 setlinejoin
0 setlinecap
0 0 m
-2 0 l
gsave
0.000 setgray
fill
grestore
stroke
grestore
} bind def
518.4 91.8776 o
grestore
gsave
/o {
gsave
newpath
translate
0.5 setlinewidth
1 setlinejoin
0 setlinecap
0 0 m
2 0 l
gsave
0.000 setgray
fill
grestore
stroke
grestore
} bind def
72 95.218 o
grestore
gsave
/o {
gsave
newpath
translate
0.5 setlinewidth
1 setlinejoin
0 setlinecap
0 0 m
-2 0 l
gsave
0.000 setgray
fill
grestore
stroke
grestore
} bind def
518.4 95.218 o
grestore
gsave
/o {
gsave
newpath
translate
0.5 setlinewidth
1 setlinejoin
0 setlinecap
0 0 m
2 0 l
gsave
0.000 setgray
fill
grestore
stroke
grestore
} bind def
72 98.1644 o
grestore
gsave
/o {
gsave
newpath
translate
0.5 setlinewidth
1 setlinejoin
0 setlinecap
0 0 m
-2 0 l
gsave
0.000 setgray
fill
grestore
stroke
grestore
} bind def
518.4 98.1644 o
grestore
gsave
/o {
gsave
newpath
translate
0.5 setlinewidth
1 setlinejoin
0 setlinecap
0 0 m
2 0 l
gsave
0.000 setgray
fill
grestore
stroke
grestore
} bind def
72 118.139 o
grestore
gsave
/o {
gsave
newpath
translate
0.5 setlinewidth
1 setlinejoin
0 setlinecap
0 0 m
-2 0 l
gsave
0.000 setgray
fill
grestore
stroke
grestore
} bind def
518.4 118.139 o
grestore
gsave
/o {
gsave
newpath
translate
0.5 setlinewidth
1 setlinejoin
0 setlinecap
0 0 m
2 0 l
gsave
0.000 setgray
fill
grestore
stroke
grestore
} bind def
72 128.282 o
grestore
gsave
/o {
gsave
newpath
translate
0.5 setlinewidth
1 setlinejoin
0 setlinecap
0 0 m
-2 0 l
gsave
0.000 setgray
fill
grestore
stroke
grestore
} bind def
518.4 128.282 o
grestore
gsave
/o {
gsave
newpath
translate
0.5 setlinewidth
1 setlinejoin
0 setlinecap
0 0 m
2 0 l
gsave
0.000 setgray
fill
grestore
stroke
grestore
} bind def
72 135.479 o
grestore
gsave
/o {
gsave
newpath
translate
0.5 setlinewidth
1 setlinejoin
0 setlinecap
0 0 m
-2 0 l
gsave
0.000 setgray
fill
grestore
stroke
grestore
} bind def
518.4 135.479 o
grestore
gsave
/o {
gsave
newpath
translate
0.5 setlinewidth
1 setlinejoin
0 setlinecap
0 0 m
2 0 l
gsave
0.000 setgray
fill
grestore
stroke
grestore
} bind def
72 141.061 o
grestore
gsave
/o {
gsave
newpath
translate
0.5 setlinewidth
1 setlinejoin
0 setlinecap
0 0 m
-2 0 l
gsave
0.000 setgray
fill
grestore
stroke
grestore
} bind def
518.4 141.061 o
grestore
gsave
/o {
gsave
newpath
translate
0.5 setlinewidth
1 setlinejoin
0 setlinecap
0 0 m
2 0 l
gsave
0.000 setgray
fill
grestore
stroke
grestore
} bind def
72 145.622 o
grestore
gsave
/o {
gsave
newpath
translate
0.5 setlinewidth
1 setlinejoin
0 setlinecap
0 0 m
-2 0 l
gsave
0.000 setgray
fill
grestore
stroke
grestore
} bind def
518.4 145.622 o
grestore
gsave
/o {
gsave
newpath
translate
0.5 setlinewidth
1 setlinejoin
0 setlinecap
0 0 m
2 0 l
gsave
0.000 setgray
fill
grestore
stroke
grestore
} bind def
72 149.478 o
grestore
gsave
/o {
gsave
newpath
translate
0.5 setlinewidth
1 setlinejoin
0 setlinecap
0 0 m
-2 0 l
gsave
0.000 setgray
fill
grestore
stroke
grestore
} bind def
518.4 149.478 o
grestore
gsave
/o {
gsave
newpath
translate
0.5 setlinewidth
1 setlinejoin
0 setlinecap
0 0 m
2 0 l
gsave
0.000 setgray
fill
grestore
stroke
grestore
} bind def
72 152.818 o
grestore
gsave
/o {
gsave
newpath
translate
0.5 setlinewidth
1 setlinejoin
0 setlinecap
0 0 m
-2 0 l
gsave
0.000 setgray
fill
grestore
stroke
grestore
} bind def
518.4 152.818 o
grestore
gsave
/o {
gsave
newpath
translate
0.5 setlinewidth
1 setlinejoin
0 setlinecap
0 0 m
2 0 l
gsave
0.000 setgray
fill
grestore
stroke
grestore
} bind def
72 155.764 o
grestore
gsave
/o {
gsave
newpath
translate
0.5 setlinewidth
1 setlinejoin
0 setlinecap
0 0 m
-2 0 l
gsave
0.000 setgray
fill
grestore
stroke
grestore
} bind def
518.4 155.764 o
grestore
gsave
/o {
gsave
newpath
translate
0.5 setlinewidth
1 setlinejoin
0 setlinecap
0 0 m
2 0 l
gsave
0.000 setgray
fill
grestore
stroke
grestore
} bind def
72 175.739 o
grestore
gsave
/o {
gsave
newpath
translate
0.5 setlinewidth
1 setlinejoin
0 setlinecap
0 0 m
-2 0 l
gsave
0.000 setgray
fill
grestore
stroke
grestore
} bind def
518.4 175.739 o
grestore
gsave
/o {
gsave
newpath
translate
0.5 setlinewidth
1 setlinejoin
0 setlinecap
0 0 m
2 0 l
gsave
0.000 setgray
fill
grestore
stroke
grestore
} bind def
72 185.882 o
grestore
gsave
/o {
gsave
newpath
translate
0.5 setlinewidth
1 setlinejoin
0 setlinecap
0 0 m
-2 0 l
gsave
0.000 setgray
fill
grestore
stroke
grestore
} bind def
518.4 185.882 o
grestore
gsave
/o {
gsave
newpath
translate
0.5 setlinewidth
1 setlinejoin
0 setlinecap
0 0 m
2 0 l
gsave
0.000 setgray
fill
grestore
stroke
grestore
} bind def
72 193.079 o
grestore
gsave
/o {
gsave
newpath
translate
0.5 setlinewidth
1 setlinejoin
0 setlinecap
0 0 m
-2 0 l
gsave
0.000 setgray
fill
grestore
stroke
grestore
} bind def
518.4 193.079 o
grestore
gsave
/o {
gsave
newpath
translate
0.5 setlinewidth
1 setlinejoin
0 setlinecap
0 0 m
2 0 l
gsave
0.000 setgray
fill
grestore
stroke
grestore
} bind def
72 198.661 o
grestore
gsave
/o {
gsave
newpath
translate
0.5 setlinewidth
1 setlinejoin
0 setlinecap
0 0 m
-2 0 l
gsave
0.000 setgray
fill
grestore
stroke
grestore
} bind def
518.4 198.661 o
grestore
gsave
/o {
gsave
newpath
translate
0.5 setlinewidth
1 setlinejoin
0 setlinecap
0 0 m
2 0 l
gsave
0.000 setgray
fill
grestore
stroke
grestore
} bind def
72 203.222 o
grestore
gsave
/o {
gsave
newpath
translate
0.5 setlinewidth
1 setlinejoin
0 setlinecap
0 0 m
-2 0 l
gsave
0.000 setgray
fill
grestore
stroke
grestore
} bind def
518.4 203.222 o
grestore
gsave
/o {
gsave
newpath
translate
0.5 setlinewidth
1 setlinejoin
0 setlinecap
0 0 m
2 0 l
gsave
0.000 setgray
fill
grestore
stroke
grestore
} bind def
72 207.078 o
grestore
gsave
/o {
gsave
newpath
translate
0.5 setlinewidth
1 setlinejoin
0 setlinecap
0 0 m
-2 0 l
gsave
0.000 setgray
fill
grestore
stroke
grestore
} bind def
518.4 207.078 o
grestore
gsave
/o {
gsave
newpath
translate
0.5 setlinewidth
1 setlinejoin
0 setlinecap
0 0 m
2 0 l
gsave
0.000 setgray
fill
grestore
stroke
grestore
} bind def
72 210.418 o
grestore
gsave
/o {
gsave
newpath
translate
0.5 setlinewidth
1 setlinejoin
0 setlinecap
0 0 m
-2 0 l
gsave
0.000 setgray
fill
grestore
stroke
grestore
} bind def
518.4 210.418 o
grestore
gsave
/o {
gsave
newpath
translate
0.5 setlinewidth
1 setlinejoin
0 setlinecap
0 0 m
2 0 l
gsave
0.000 setgray
fill
grestore
stroke
grestore
} bind def
72 213.364 o
grestore
gsave
/o {
gsave
newpath
translate
0.5 setlinewidth
1 setlinejoin
0 setlinecap
0 0 m
-2 0 l
gsave
0.000 setgray
fill
grestore
stroke
grestore
} bind def
518.4 213.364 o
grestore
gsave
/o {
gsave
newpath
translate
0.5 setlinewidth
1 setlinejoin
0 setlinecap
0 0 m
2 0 l
gsave
0.000 setgray
fill
grestore
stroke
grestore
} bind def
72 233.339 o
grestore
gsave
/o {
gsave
newpath
translate
0.5 setlinewidth
1 setlinejoin
0 setlinecap
0 0 m
-2 0 l
gsave
0.000 setgray
fill
grestore
stroke
grestore
} bind def
518.4 233.339 o
grestore
gsave
/o {
gsave
newpath
translate
0.5 setlinewidth
1 setlinejoin
0 setlinecap
0 0 m
2 0 l
gsave
0.000 setgray
fill
grestore
stroke
grestore
} bind def
72 243.482 o
grestore
gsave
/o {
gsave
newpath
translate
0.5 setlinewidth
1 setlinejoin
0 setlinecap
0 0 m
-2 0 l
gsave
0.000 setgray
fill
grestore
stroke
grestore
} bind def
518.4 243.482 o
grestore
gsave
/o {
gsave
newpath
translate
0.5 setlinewidth
1 setlinejoin
0 setlinecap
0 0 m
2 0 l
gsave
0.000 setgray
fill
grestore
stroke
grestore
} bind def
72 250.679 o
grestore
gsave
/o {
gsave
newpath
translate
0.5 setlinewidth
1 setlinejoin
0 setlinecap
0 0 m
-2 0 l
gsave
0.000 setgray
fill
grestore
stroke
grestore
} bind def
518.4 250.679 o
grestore
gsave
/o {
gsave
newpath
translate
0.5 setlinewidth
1 setlinejoin
0 setlinecap
0 0 m
2 0 l
gsave
0.000 setgray
fill
grestore
stroke
grestore
} bind def
72 256.261 o
grestore
gsave
/o {
gsave
newpath
translate
0.5 setlinewidth
1 setlinejoin
0 setlinecap
0 0 m
-2 0 l
gsave
0.000 setgray
fill
grestore
stroke
grestore
} bind def
518.4 256.261 o
grestore
gsave
/o {
gsave
newpath
translate
0.5 setlinewidth
1 setlinejoin
0 setlinecap
0 0 m
2 0 l
gsave
0.000 setgray
fill
grestore
stroke
grestore
} bind def
72 260.822 o
grestore
gsave
/o {
gsave
newpath
translate
0.5 setlinewidth
1 setlinejoin
0 setlinecap
0 0 m
-2 0 l
gsave
0.000 setgray
fill
grestore
stroke
grestore
} bind def
518.4 260.822 o
grestore
gsave
/o {
gsave
newpath
translate
0.5 setlinewidth
1 setlinejoin
0 setlinecap
0 0 m
2 0 l
gsave
0.000 setgray
fill
grestore
stroke
grestore
} bind def
72 264.678 o
grestore
gsave
/o {
gsave
newpath
translate
0.5 setlinewidth
1 setlinejoin
0 setlinecap
0 0 m
-2 0 l
gsave
0.000 setgray
fill
grestore
stroke
grestore
} bind def
518.4 264.678 o
grestore
gsave
/o {
gsave
newpath
translate
0.5 setlinewidth
1 setlinejoin
0 setlinecap
0 0 m
2 0 l
gsave
0.000 setgray
fill
grestore
stroke
grestore
} bind def
72 268.018 o
grestore
gsave
/o {
gsave
newpath
translate
0.5 setlinewidth
1 setlinejoin
0 setlinecap
0 0 m
-2 0 l
gsave
0.000 setgray
fill
grestore
stroke
grestore
} bind def
518.4 268.018 o
grestore
gsave
/o {
gsave
newpath
translate
0.5 setlinewidth
1 setlinejoin
0 setlinecap
0 0 m
2 0 l
gsave
0.000 setgray
fill
grestore
stroke
grestore
} bind def
72 270.964 o
grestore
gsave
/o {
gsave
newpath
translate
0.5 setlinewidth
1 setlinejoin
0 setlinecap
0 0 m
-2 0 l
gsave
0.000 setgray
fill
grestore
stroke
grestore
} bind def
518.4 270.964 o
grestore
gsave
/o {
gsave
newpath
translate
0.5 setlinewidth
1 setlinejoin
0 setlinecap
0 0 m
2 0 l
gsave
0.000 setgray
fill
grestore
stroke
grestore
} bind def
72 290.939 o
grestore
gsave
/o {
gsave
newpath
translate
0.5 setlinewidth
1 setlinejoin
0 setlinecap
0 0 m
-2 0 l
gsave
0.000 setgray
fill
grestore
stroke
grestore
} bind def
518.4 290.939 o
grestore
gsave
/o {
gsave
newpath
translate
0.5 setlinewidth
1 setlinejoin
0 setlinecap
0 0 m
2 0 l
gsave
0.000 setgray
fill
grestore
stroke
grestore
} bind def
72 301.082 o
grestore
gsave
/o {
gsave
newpath
translate
0.5 setlinewidth
1 setlinejoin
0 setlinecap
0 0 m
-2 0 l
gsave
0.000 setgray
fill
grestore
stroke
grestore
} bind def
518.4 301.082 o
grestore
gsave
/o {
gsave
newpath
translate
0.5 setlinewidth
1 setlinejoin
0 setlinecap
0 0 m
2 0 l
gsave
0.000 setgray
fill
grestore
stroke
grestore
} bind def
72 308.279 o
grestore
gsave
/o {
gsave
newpath
translate
0.5 setlinewidth
1 setlinejoin
0 setlinecap
0 0 m
-2 0 l
gsave
0.000 setgray
fill
grestore
stroke
grestore
} bind def
518.4 308.279 o
grestore
gsave
/o {
gsave
newpath
translate
0.5 setlinewidth
1 setlinejoin
0 setlinecap
0 0 m
2 0 l
gsave
0.000 setgray
fill
grestore
stroke
grestore
} bind def
72 313.861 o
grestore
gsave
/o {
gsave
newpath
translate
0.5 setlinewidth
1 setlinejoin
0 setlinecap
0 0 m
-2 0 l
gsave
0.000 setgray
fill
grestore
stroke
grestore
} bind def
518.4 313.861 o
grestore
gsave
/o {
gsave
newpath
translate
0.5 setlinewidth
1 setlinejoin
0 setlinecap
0 0 m
2 0 l
gsave
0.000 setgray
fill
grestore
stroke
grestore
} bind def
72 318.422 o
grestore
gsave
/o {
gsave
newpath
translate
0.5 setlinewidth
1 setlinejoin
0 setlinecap
0 0 m
-2 0 l
gsave
0.000 setgray
fill
grestore
stroke
grestore
} bind def
518.4 318.422 o
grestore
gsave
/o {
gsave
newpath
translate
0.5 setlinewidth
1 setlinejoin
0 setlinecap
0 0 m
2 0 l
gsave
0.000 setgray
fill
grestore
stroke
grestore
} bind def
72 322.278 o
grestore
gsave
/o {
gsave
newpath
translate
0.5 setlinewidth
1 setlinejoin
0 setlinecap
0 0 m
-2 0 l
gsave
0.000 setgray
fill
grestore
stroke
grestore
} bind def
518.4 322.278 o
grestore
gsave
/o {
gsave
newpath
translate
0.5 setlinewidth
1 setlinejoin
0 setlinecap
0 0 m
2 0 l
gsave
0.000 setgray
fill
grestore
stroke
grestore
} bind def
72 325.618 o
grestore
gsave
/o {
gsave
newpath
translate
0.5 setlinewidth
1 setlinejoin
0 setlinecap
0 0 m
-2 0 l
gsave
0.000 setgray
fill
grestore
stroke
grestore
} bind def
518.4 325.618 o
grestore
gsave
/o {
gsave
newpath
translate
0.5 setlinewidth
1 setlinejoin
0 setlinecap
0 0 m
2 0 l
gsave
0.000 setgray
fill
grestore
stroke
grestore
} bind def
72 328.564 o
grestore
gsave
/o {
gsave
newpath
translate
0.5 setlinewidth
1 setlinejoin
0 setlinecap
0 0 m
-2 0 l
gsave
0.000 setgray
fill
grestore
stroke
grestore
} bind def
518.4 328.564 o
grestore
gsave
/o {
gsave
newpath
translate
0.5 setlinewidth
1 setlinejoin
0 setlinecap
0 0 m
2 0 l
gsave
0.000 setgray
fill
grestore
stroke
grestore
} bind def
72 348.539 o
grestore
gsave
/o {
gsave
newpath
translate
0.5 setlinewidth
1 setlinejoin
0 setlinecap
0 0 m
-2 0 l
gsave
0.000 setgray
fill
grestore
stroke
grestore
} bind def
518.4 348.539 o
grestore
gsave
/o {
gsave
newpath
translate
0.5 setlinewidth
1 setlinejoin
0 setlinecap
0 0 m
2 0 l
gsave
0.000 setgray
fill
grestore
stroke
grestore
} bind def
72 358.682 o
grestore
gsave
/o {
gsave
newpath
translate
0.5 setlinewidth
1 setlinejoin
0 setlinecap
0 0 m
-2 0 l
gsave
0.000 setgray
fill
grestore
stroke
grestore
} bind def
518.4 358.682 o
grestore
gsave
/o {
gsave
newpath
translate
0.5 setlinewidth
1 setlinejoin
0 setlinecap
0 0 m
2 0 l
gsave
0.000 setgray
fill
grestore
stroke
grestore
} bind def
72 365.879 o
grestore
gsave
/o {
gsave
newpath
translate
0.5 setlinewidth
1 setlinejoin
0 setlinecap
0 0 m
-2 0 l
gsave
0.000 setgray
fill
grestore
stroke
grestore
} bind def
518.4 365.879 o
grestore
gsave
/o {
gsave
newpath
translate
0.5 setlinewidth
1 setlinejoin
0 setlinecap
0 0 m
2 0 l
gsave
0.000 setgray
fill
grestore
stroke
grestore
} bind def
72 371.461 o
grestore
gsave
/o {
gsave
newpath
translate
0.5 setlinewidth
1 setlinejoin
0 setlinecap
0 0 m
-2 0 l
gsave
0.000 setgray
fill
grestore
stroke
grestore
} bind def
518.4 371.461 o
grestore
gsave
/o {
gsave
newpath
translate
0.5 setlinewidth
1 setlinejoin
0 setlinecap
0 0 m
2 0 l
gsave
0.000 setgray
fill
grestore
stroke
grestore
} bind def
72 376.022 o
grestore
gsave
/o {
gsave
newpath
translate
0.5 setlinewidth
1 setlinejoin
0 setlinecap
0 0 m
-2 0 l
gsave
0.000 setgray
fill
grestore
stroke
grestore
} bind def
518.4 376.022 o
grestore
gsave
/o {
gsave
newpath
translate
0.5 setlinewidth
1 setlinejoin
0 setlinecap
0 0 m
2 0 l
gsave
0.000 setgray
fill
grestore
stroke
grestore
} bind def
72 379.878 o
grestore
gsave
/o {
gsave
newpath
translate
0.5 setlinewidth
1 setlinejoin
0 setlinecap
0 0 m
-2 0 l
gsave
0.000 setgray
fill
grestore
stroke
grestore
} bind def
518.4 379.878 o
grestore
gsave
/o {
gsave
newpath
translate
0.5 setlinewidth
1 setlinejoin
0 setlinecap
0 0 m
2 0 l
gsave
0.000 setgray
fill
grestore
stroke
grestore
} bind def
72 383.218 o
grestore
gsave
/o {
gsave
newpath
translate
0.5 setlinewidth
1 setlinejoin
0 setlinecap
0 0 m
-2 0 l
gsave
0.000 setgray
fill
grestore
stroke
grestore
} bind def
518.4 383.218 o
grestore
gsave
/o {
gsave
newpath
translate
0.5 setlinewidth
1 setlinejoin
0 setlinecap
0 0 m
2 0 l
gsave
0.000 setgray
fill
grestore
stroke
grestore
} bind def
72 386.164 o
grestore
gsave
/o {
gsave
newpath
translate
0.5 setlinewidth
1 setlinejoin
0 setlinecap
0 0 m
-2 0 l
gsave
0.000 setgray
fill
grestore
stroke
grestore
} bind def
518.4 386.164 o
grestore
gsave
5.000000 48.000000 translate
90.000000 rotate
/Cmr10 findfont
35.0 scalefont
setfont
0.000000 0.800781 moveto
/four glyphshow

/Cmmi10 findfont
35.0 scalefont
setfont
17.500000 0.800781 moveto
/pi glyphshow

37.443848 0.800781 moveto
/nu glyphshow

54.738770 0.800781 moveto
/J glyphshow

/Cmmi10 findfont
24.5 scalefont
setfont
74.135742 -8.127500 moveto
/nu glyphshow

/BitstreamVeraSans-Roman findfont
35.0 scalefont
setfont
91.430664 0.800781 moveto
/space glyphshow

102.556152 0.800781 moveto
/parenleft glyphshow

116.210938 0.800781 moveto
/e glyphshow

137.744141 0.800781 moveto
/r glyphshow

152.133789 0.800781 moveto
/g glyphshow

174.350586 0.800781 moveto
/space glyphshow

/Cmmi10 findfont
35.0 scalefont
setfont
185.476074 0.800781 moveto
/s glyphshow

/Cmsy10 findfont
24.5 scalefont
setfont
201.848145 15.681250 moveto
/minus glyphshow

/Cmr10 findfont
24.5 scalefont
setfont
220.881104 15.681250 moveto
/one glyphshow

/Cmmi10 findfont
35.0 scalefont
setfont
239.083291 0.800781 moveto
/c glyphshow

254.207803 0.800781 moveto
/m glyphshow

/Cmsy10 findfont
24.5 scalefont
setfont
284.935342 15.681250 moveto
/minus glyphshow

/Cmr10 findfont
24.5 scalefont
setfont
303.968301 15.681250 moveto
/two glyphshow

/Cmr10 findfont
35.0 scalefont
setfont
322.170488 0.800781 moveto
/parenright glyphshow


grestore
1.000 setlinewidth
gsave
72 388.8 m
518.4 388.8 l
stroke
grestore
gsave
518.4 43.2 m
518.4 388.8 l
stroke
grestore
gsave
72 43.2 m
518.4 43.2 l
stroke
grestore
gsave
72 43.2 m
72 388.8 l
stroke
grestore
/BitstreamVeraSans-Roman findfont
40.000 scalefont
setfont
gsave
-82.815625 393.800000 translate
0.000000 rotate
0.000000 0.000000 m /S glyphshow
25.390625 0.000000 m /t glyphshow
41.074219 0.000000 m /a glyphshow
65.585938 0.000000 m /r glyphshow
82.031250 0.000000 m /b glyphshow
107.421875 0.000000 m /u glyphshow
132.773438 0.000000 m /r glyphshow
149.218750 0.000000 m /s glyphshow
170.058594 0.000000 m /t glyphshow
185.742188 0.000000 m /space glyphshow
198.457031 0.000000 m /P glyphshow
220.828125 0.000000 m /a glyphshow
245.339844 0.000000 m /d glyphshow
270.730469 0.000000 m /o glyphshow
295.203125 0.000000 m /v glyphshow
318.875000 0.000000 m /a glyphshow
343.386719 0.000000 m /space glyphshow
356.101562 0.000000 m /T glyphshow
374.660156 0.000000 m /r glyphshow
391.105469 0.000000 m /a glyphshow
415.617188 0.000000 m /c glyphshow
437.609375 0.000000 m /k glyphshow
460.773438 0.000000 m /space glyphshow
473.488281 0.000000 m /I glyphshow
485.285156 0.000000 m /n glyphshow
510.636719 0.000000 m /s glyphshow
531.476562 0.000000 m /t glyphshow
547.160156 0.000000 m /a glyphshow
571.671875 0.000000 m /n glyphshow
597.023438 0.000000 m /t glyphshow
612.707031 0.000000 m /a glyphshow
637.218750 0.000000 m /n glyphshow
662.570312 0.000000 m /e glyphshow
687.179688 0.000000 m /o glyphshow
711.652344 0.000000 m /u glyphshow
737.003906 0.000000 m /s glyphshow
grestore
gsave
310.806 100.613 m
503.4 100.613 l
503.4 373.8 l
310.806 373.8 l
310.806 100.613 l
cl
gsave
1.000 setgray
fill
grestore
stroke
grestore
2.000 setlinewidth
2 setlinecap
gsave
331.806 349.503 m
373.806 349.503 l
stroke
grestore
/BitstreamVeraSans-Roman findfont
30.000 scalefont
setfont
gsave
406.806250 339.003125 translate
0.000000 rotate
0.000000 0.000000 m /one glyphshow
19.086914 0.000000 m /space glyphshow
28.623047 0.000000 m /M glyphshow
54.506836 0.000000 m /y glyphshow
72.260742 0.000000 m /r glyphshow
grestore
0.000 0.750 0.750 setrgbcolor
gsave
331.806 305.472 m
373.806 305.472 l
stroke
grestore
0.000 setgray
gsave
406.806250 294.971875 translate
0.000000 rotate
0.000000 0.000000 m /two glyphshow
19.086914 0.000000 m /space glyphshow
28.623047 0.000000 m /M glyphshow
54.506836 0.000000 m /y glyphshow
72.260742 0.000000 m /r glyphshow
grestore
0.750 0.750 0.000 setrgbcolor
gsave
331.806 261.441 m
373.806 261.441 l
stroke
grestore
0.000 setgray
gsave
406.806250 250.940625 translate
0.000000 rotate
0.000000 0.000000 m /three glyphshow
19.086914 0.000000 m /space glyphshow
28.623047 0.000000 m /M glyphshow
54.506836 0.000000 m /y glyphshow
72.260742 0.000000 m /r glyphshow
grestore
1.000 0.000 0.000 setrgbcolor
gsave
331.806 217.409 m
373.806 217.409 l
stroke
grestore
0.000 setgray
gsave
406.806250 206.909375 translate
0.000000 rotate
0.000000 0.000000 m /four glyphshow
19.086914 0.000000 m /space glyphshow
28.623047 0.000000 m /M glyphshow
54.506836 0.000000 m /y glyphshow
72.260742 0.000000 m /r glyphshow
grestore
0.000 0.500 0.000 setrgbcolor
gsave
331.806 173.378 m
373.806 173.378 l
stroke
grestore
0.000 setgray
gsave
406.806250 162.878125 translate
0.000000 rotate
0.000000 0.000000 m /five glyphshow
19.086914 0.000000 m /space glyphshow
28.623047 0.000000 m /M glyphshow
54.506836 0.000000 m /y glyphshow
72.260742 0.000000 m /r glyphshow
grestore
0.000 0.000 1.000 setrgbcolor
gsave
331.806 129.347 m
373.806 129.347 l
stroke
grestore
0.000 setgray
gsave
406.806250 118.846875 translate
0.000000 rotate
0.000000 0.000000 m /six glyphshow
19.086914 0.000000 m /space glyphshow
28.623047 0.000000 m /M glyphshow
54.506836 0.000000 m /y glyphshow
72.260742 0.000000 m /r glyphshow
grestore

end
showpage
