3.989999999999999858e+01	8.700000000000000000e+01	1.000000000000000000e+01	1.500000000000000000e+01
3.589999999999999858e+01	8.700000000000000000e+01	1.000000000000000000e+01	1.500000000000000000e+01
4.300000000000000000e+01	8.700000000000000000e+01	1.000000000000000000e+01	1.500000000000000000e+01
2.660000000000000142e+01	1.650000000000000000e+02	0.000000000000000000e+00	2.300000000000000000e+01
4.700000000000000000e+01	8.700000000000000000e+01	1.000000000000000000e+01	1.500000000000000000e+01
4.520000000000000284e+01	8.700000000000000000e+01	1.000000000000000000e+01	1.500000000000000000e+01
2.600000000000000000e+01	1.650000000000000000e+02	0.000000000000000000e+00	2.300000000000000000e+01
2.630000000000000071e+01	1.650000000000000000e+02	0.000000000000000000e+00	2.300000000000000000e+01
2.589999999999999858e+01	1.650000000000000000e+02	0.000000000000000000e+00	2.300000000000000000e+01
4.289999999999999858e+01	8.700000000000000000e+01	1.000000000000000000e+01	1.500000000000000000e+01
4.120000000000000284e+01	8.700000000000000000e+01	1.000000000000000000e+01	1.500000000000000000e+01
4.260000000000000142e+01	8.700000000000000000e+01	1.000000000000000000e+01	1.500000000000000000e+01
1.919999999999999929e+01	1.650000000000000000e+02	0.000000000000000000e+00	2.300000000000000000e+01
1.819999999999999929e+01	1.650000000000000000e+02	0.000000000000000000e+00	2.300000000000000000e+01
1.380000000000000071e+01	1.650000000000000000e+02	0.000000000000000000e+00	2.300000000000000000e+01
9.900000000000000355e+00	1.710000000000000000e+02	6.000000000000000000e+00	2.300000000000000000e+01
1.860000000000000142e+01	1.650000000000000000e+02	0.000000000000000000e+00	2.300000000000000000e+01
4.239999999999999858e+01	8.700000000000000000e+01	1.000000000000000000e+01	1.500000000000000000e+01
2.589999999999999858e+01	1.650000000000000000e+02	0.000000000000000000e+00	2.300000000000000000e+01
1.600000000000000000e+01	1.720000000000000000e+02	7.000000000000000000e+00	2.300000000000000000e+01
3.250000000000000000e+01	8.700000000000000000e+01	1.000000000000000000e+01	1.500000000000000000e+01
4.250000000000000000e+01	8.700000000000000000e+01	1.000000000000000000e+01	1.500000000000000000e+01
8.699999999999999289e+00	1.710000000000000000e+02	6.000000000000000000e+00	2.300000000000000000e+01
3.470000000000000284e+01	8.700000000000000000e+01	1.000000000000000000e+01	1.500000000000000000e+01
3.850000000000000000e+01	8.700000000000000000e+01	1.000000000000000000e+01	1.500000000000000000e+01
3.989999999999999858e+01	8.700000000000000000e+01	1.000000000000000000e+01	1.500000000000000000e+01
3.450000000000000000e+01	8.700000000000000000e+01	1.000000000000000000e+01	1.500000000000000000e+01
3.850000000000000000e+01	8.700000000000000000e+01	1.000000000000000000e+01	1.500000000000000000e+01
7.500000000000000000e+00	1.710000000000000000e+02	6.000000000000000000e+00	2.300000000000000000e+01
3.019999999999999929e+01	8.700000000000000000e+01	1.000000000000000000e+01	1.500000000000000000e+01
4.000000000000000000e+01	8.700000000000000000e+01	1.000000000000000000e+01	1.500000000000000000e+01
4.370000000000000284e+01	8.700000000000000000e+01	1.000000000000000000e+01	1.500000000000000000e+01
4.229999999999999716e+01	8.700000000000000000e+01	1.000000000000000000e+01	1.500000000000000000e+01
4.200000000000000000e+01	8.700000000000000000e+01	1.000000000000000000e+01	1.500000000000000000e+01
4.339999999999999858e+01	8.700000000000000000e+01	1.000000000000000000e+01	1.500000000000000000e+01
4.289999999999999858e+01	8.700000000000000000e+01	1.000000000000000000e+01	1.500000000000000000e+01
2.989999999999999858e+01	8.700000000000000000e+01	1.000000000000000000e+01	1.500000000000000000e+01
1.159999999999999964e+01	1.720000000000000000e+02	7.000000000000000000e+00	2.300000000000000000e+01
2.389999999999999858e+01	1.200000000000000000e+02	1.000000000000000000e+01	1.800000000000000000e+01
4.450000000000000000e+01	8.700000000000000000e+01	1.000000000000000000e+01	1.500000000000000000e+01
3.850000000000000000e+01	8.700000000000000000e+01	1.000000000000000000e+01	1.500000000000000000e+01
3.860000000000000142e+01	8.700000000000000000e+01	1.000000000000000000e+01	1.500000000000000000e+01
3.800000000000000000e+01	8.700000000000000000e+01	1.000000000000000000e+01	1.500000000000000000e+01
3.180000000000000071e+01	7.500000000000000000e+01	9.000000000000000000e+00	1.400000000000000000e+01
4.000000000000000000e+01	8.700000000000000000e+01	1.000000000000000000e+01	1.500000000000000000e+01
4.189999999999999858e+01	8.700000000000000000e+01	1.000000000000000000e+01	1.500000000000000000e+01
3.929999999999999716e+01	8.700000000000000000e+01	1.000000000000000000e+01	1.500000000000000000e+01
4.210000000000000142e+01	8.700000000000000000e+01	1.000000000000000000e+01	1.500000000000000000e+01
4.220000000000000284e+01	8.700000000000000000e+01	1.000000000000000000e+01	1.500000000000000000e+01
4.150000000000000000e+01	8.700000000000000000e+01	1.000000000000000000e+01	1.500000000000000000e+01
4.289999999999999858e+01	8.700000000000000000e+01	1.000000000000000000e+01	1.500000000000000000e+01
4.320000000000000284e+01	8.700000000000000000e+01	1.000000000000000000e+01	1.500000000000000000e+01
3.089999999999999858e+01	8.700000000000000000e+01	1.000000000000000000e+01	1.500000000000000000e+01
1.480000000000000071e+01	1.720000000000000000e+02	7.000000000000000000e+00	2.300000000000000000e+01
8.699999999999999289e+00	1.640000000000000000e+02	1.000000000000000000e+01	2.200000000000000000e+01
3.799999999999999822e+00	0.000000000000000000e+00	0.000000000000000000e+00	8.000000000000000000e+00
9.000000000000000000e+00	1.720000000000000000e+02	7.000000000000000000e+00	2.300000000000000000e+01
3.700000000000000178e+00	0.000000000000000000e+00	0.000000000000000000e+00	8.000000000000000000e+00
4.639999999999999858e+01	8.700000000000000000e+01	1.000000000000000000e+01	1.500000000000000000e+01
4.339999999999999858e+01	8.700000000000000000e+01	1.000000000000000000e+01	1.500000000000000000e+01
3.069999999999999929e+01	5.100000000000000000e+01	7.000000000000000000e+00	1.200000000000000000e+01
3.119999999999999929e+01	5.100000000000000000e+01	7.000000000000000000e+00	1.200000000000000000e+01
3.920000000000000284e+01	8.700000000000000000e+01	1.000000000000000000e+01	1.500000000000000000e+01
1.910000000000000142e+01	1.650000000000000000e+02	0.000000000000000000e+00	2.300000000000000000e+01
4.220000000000000284e+01	8.700000000000000000e+01	1.000000000000000000e+01	1.500000000000000000e+01
4.110000000000000142e+01	8.700000000000000000e+01	1.000000000000000000e+01	1.500000000000000000e+01
4.000000000000000000e+01	8.700000000000000000e+01	1.000000000000000000e+01	1.500000000000000000e+01
4.279999999999999716e+01	8.700000000000000000e+01	1.000000000000000000e+01	1.500000000000000000e+01
3.750000000000000000e+01	8.700000000000000000e+01	1.000000000000000000e+01	1.500000000000000000e+01
4.229999999999999716e+01	8.700000000000000000e+01	1.000000000000000000e+01	1.500000000000000000e+01
4.429999999999999716e+01	8.700000000000000000e+01	1.000000000000000000e+01	1.500000000000000000e+01
4.070000000000000284e+01	8.700000000000000000e+01	1.000000000000000000e+01	1.500000000000000000e+01
4.029999999999999716e+01	8.700000000000000000e+01	1.000000000000000000e+01	1.500000000000000000e+01
4.079999999999999716e+01	8.700000000000000000e+01	1.000000000000000000e+01	1.500000000000000000e+01
4.060000000000000142e+01	8.700000000000000000e+01	1.000000000000000000e+01	1.500000000000000000e+01
8.099999999999999645e+00	1.720000000000000000e+02	7.000000000000000000e+00	2.300000000000000000e+01
3.689999999999999858e+01	8.700000000000000000e+01	1.000000000000000000e+01	1.500000000000000000e+01
4.020000000000000284e+01	8.700000000000000000e+01	1.000000000000000000e+01	1.500000000000000000e+01
3.799999999999999822e+00	1.730000000000000000e+02	8.000000000000000000e+00	2.300000000000000000e+01
3.629999999999999716e+01	8.700000000000000000e+01	1.000000000000000000e+01	1.500000000000000000e+01
4.120000000000000284e+01	8.700000000000000000e+01	1.000000000000000000e+01	1.500000000000000000e+01
3.960000000000000142e+01	8.700000000000000000e+01	1.000000000000000000e+01	1.500000000000000000e+01
4.050000000000000000e+01	8.700000000000000000e+01	1.000000000000000000e+01	1.500000000000000000e+01
4.010000000000000142e+01	8.700000000000000000e+01	1.000000000000000000e+01	1.500000000000000000e+01
4.089999999999999858e+01	8.700000000000000000e+01	1.000000000000000000e+01	1.500000000000000000e+01
3.720000000000000284e+01	7.500000000000000000e+01	9.000000000000000000e+00	1.400000000000000000e+01
4.210000000000000142e+01	8.700000000000000000e+01	1.000000000000000000e+01	1.500000000000000000e+01
3.760000000000000142e+01	7.500000000000000000e+01	9.000000000000000000e+00	1.400000000000000000e+01
4.229999999999999716e+01	8.700000000000000000e+01	1.000000000000000000e+01	1.500000000000000000e+01
4.139999999999999858e+01	8.700000000000000000e+01	1.000000000000000000e+01	1.500000000000000000e+01
4.329999999999999716e+01	8.700000000000000000e+01	1.000000000000000000e+01	1.500000000000000000e+01
4.289999999999999858e+01	8.700000000000000000e+01	1.000000000000000000e+01	1.500000000000000000e+01
4.260000000000000142e+01	8.700000000000000000e+01	1.000000000000000000e+01	1.500000000000000000e+01
4.239999999999999858e+01	8.700000000000000000e+01	1.000000000000000000e+01	1.500000000000000000e+01
4.260000000000000142e+01	8.700000000000000000e+01	1.000000000000000000e+01	1.500000000000000000e+01
4.229999999999999716e+01	8.700000000000000000e+01	1.000000000000000000e+01	1.500000000000000000e+01
4.210000000000000142e+01	8.700000000000000000e+01	1.000000000000000000e+01	1.500000000000000000e+01
4.189999999999999858e+01	8.700000000000000000e+01	1.000000000000000000e+01	1.500000000000000000e+01
3.900000000000000000e+01	8.700000000000000000e+01	1.000000000000000000e+01	1.500000000000000000e+01
3.760000000000000142e+01	8.700000000000000000e+01	1.000000000000000000e+01	1.500000000000000000e+01
3.660000000000000142e+01	8.700000000000000000e+01	1.000000000000000000e+01	1.500000000000000000e+01
3.110000000000000142e+01	1.400000000000000000e+01	3.000000000000000000e+00	9.000000000000000000e+00
4.079999999999999716e+01	8.700000000000000000e+01	1.000000000000000000e+01	1.500000000000000000e+01
3.929999999999999716e+01	8.700000000000000000e+01	1.000000000000000000e+01	1.500000000000000000e+01
3.010000000000000142e+01	1.400000000000000000e+01	3.000000000000000000e+00	9.000000000000000000e+00
2.969999999999999929e+01	1.400000000000000000e+01	3.000000000000000000e+00	9.000000000000000000e+00
1.050000000000000000e+01	1.650000000000000000e+02	0.000000000000000000e+00	2.300000000000000000e+01
3.860000000000000142e+01	6.300000000000000000e+01	8.000000000000000000e+00	1.300000000000000000e+01
3.069999999999999929e+01	6.300000000000000000e+01	8.000000000000000000e+00	1.300000000000000000e+01
2.910000000000000142e+01	6.300000000000000000e+01	8.000000000000000000e+00	1.300000000000000000e+01
1.309999999999999964e+01	1.650000000000000000e+02	0.000000000000000000e+00	2.300000000000000000e+01
1.209999999999999964e+01	1.650000000000000000e+02	0.000000000000000000e+00	2.300000000000000000e+01
1.569999999999999929e+01	1.650000000000000000e+02	0.000000000000000000e+00	2.300000000000000000e+01
2.950000000000000000e+01	7.500000000000000000e+01	9.000000000000000000e+00	1.400000000000000000e+01
1.059999999999999964e+01	1.650000000000000000e+02	0.000000000000000000e+00	2.300000000000000000e+01
9.000000000000000000e+00	1.650000000000000000e+02	0.000000000000000000e+00	2.300000000000000000e+01
1.359999999999999964e+01	1.650000000000000000e+02	0.000000000000000000e+00	2.300000000000000000e+01
1.450000000000000000e+01	1.650000000000000000e+02	0.000000000000000000e+00	2.300000000000000000e+01
1.330000000000000071e+01	1.650000000000000000e+02	0.000000000000000000e+00	2.300000000000000000e+01
1.530000000000000071e+01	1.650000000000000000e+02	0.000000000000000000e+00	2.300000000000000000e+01
1.369999999999999929e+01	1.650000000000000000e+02	0.000000000000000000e+00	2.300000000000000000e+01
1.860000000000000142e+01	1.650000000000000000e+02	0.000000000000000000e+00	2.300000000000000000e+01
1.769999999999999929e+01	1.650000000000000000e+02	0.000000000000000000e+00	2.300000000000000000e+01
2.039999999999999858e+01	1.650000000000000000e+02	0.000000000000000000e+00	2.300000000000000000e+01
1.509999999999999964e+01	1.650000000000000000e+02	0.000000000000000000e+00	2.300000000000000000e+01
1.650000000000000000e+01	1.650000000000000000e+02	0.000000000000000000e+00	2.300000000000000000e+01
1.550000000000000000e+01	1.650000000000000000e+02	0.000000000000000000e+00	2.300000000000000000e+01
1.810000000000000142e+01	1.650000000000000000e+02	0.000000000000000000e+00	2.300000000000000000e+01
1.900000000000000000e+01	1.650000000000000000e+02	0.000000000000000000e+00	2.300000000000000000e+01
3.979999999999999716e+01	8.700000000000000000e+01	1.000000000000000000e+01	1.500000000000000000e+01
1.880000000000000071e+01	1.650000000000000000e+02	0.000000000000000000e+00	2.300000000000000000e+01
2.010000000000000142e+01	1.650000000000000000e+02	0.000000000000000000e+00	2.300000000000000000e+01
1.830000000000000071e+01	1.650000000000000000e+02	0.000000000000000000e+00	2.300000000000000000e+01
1.980000000000000071e+01	1.650000000000000000e+02	0.000000000000000000e+00	2.300000000000000000e+01
2.060000000000000142e+01	1.650000000000000000e+02	0.000000000000000000e+00	2.300000000000000000e+01
2.089999999999999858e+01	1.650000000000000000e+02	0.000000000000000000e+00	2.300000000000000000e+01
3.589999999999999858e+01	5.100000000000000000e+01	7.000000000000000000e+00	1.200000000000000000e+01
3.560000000000000142e+01	1.400000000000000000e+01	3.000000000000000000e+00	9.000000000000000000e+00
9.400000000000000355e+00	5.500000000000000000e+01	0.000000000000000000e+00	1.300000000000000000e+01
2.189999999999999858e+01	1.650000000000000000e+02	0.000000000000000000e+00	2.300000000000000000e+01
2.150000000000000000e+01	1.650000000000000000e+02	0.000000000000000000e+00	2.300000000000000000e+01
1.939999999999999858e+01	1.650000000000000000e+02	0.000000000000000000e+00	2.300000000000000000e+01
1.830000000000000071e+01	1.650000000000000000e+02	0.000000000000000000e+00	2.300000000000000000e+01
1.889999999999999858e+01	1.650000000000000000e+02	0.000000000000000000e+00	2.300000000000000000e+01
3.900000000000000000e+01	7.500000000000000000e+01	9.000000000000000000e+00	1.400000000000000000e+01
3.560000000000000142e+01	8.700000000000000000e+01	1.000000000000000000e+01	1.500000000000000000e+01
3.400000000000000000e+01	8.700000000000000000e+01	1.000000000000000000e+01	1.500000000000000000e+01
1.080000000000000071e+01	1.650000000000000000e+02	0.000000000000000000e+00	2.300000000000000000e+01
9.800000000000000711e+00	1.650000000000000000e+02	0.000000000000000000e+00	2.300000000000000000e+01
1.350000000000000000e+01	1.650000000000000000e+02	0.000000000000000000e+00	2.300000000000000000e+01
2.169999999999999929e+01	1.650000000000000000e+02	0.000000000000000000e+00	2.300000000000000000e+01
1.769999999999999929e+01	1.650000000000000000e+02	0.000000000000000000e+00	2.300000000000000000e+01
9.400000000000000355e+00	1.540000000000000000e+02	0.000000000000000000e+00	2.200000000000000000e+01
1.130000000000000071e+01	1.650000000000000000e+02	0.000000000000000000e+00	2.300000000000000000e+01
9.500000000000000000e+00	1.650000000000000000e+02	0.000000000000000000e+00	2.300000000000000000e+01
1.689999999999999858e+01	1.650000000000000000e+02	0.000000000000000000e+00	2.300000000000000000e+01
9.500000000000000000e+00	1.650000000000000000e+02	0.000000000000000000e+00	2.300000000000000000e+01
1.440000000000000036e+01	1.650000000000000000e+02	0.000000000000000000e+00	2.300000000000000000e+01
1.530000000000000071e+01	1.650000000000000000e+02	0.000000000000000000e+00	2.300000000000000000e+01
1.889999999999999858e+01	1.650000000000000000e+02	0.000000000000000000e+00	2.300000000000000000e+01
2.000000000000000000e+01	1.650000000000000000e+02	0.000000000000000000e+00	2.300000000000000000e+01
2.030000000000000071e+01	1.650000000000000000e+02	0.000000000000000000e+00	2.300000000000000000e+01
2.130000000000000071e+01	1.650000000000000000e+02	0.000000000000000000e+00	2.300000000000000000e+01
3.180000000000000071e+01	8.700000000000000000e+01	1.000000000000000000e+01	1.500000000000000000e+01
3.220000000000000284e+01	8.700000000000000000e+01	1.000000000000000000e+01	1.500000000000000000e+01
2.089999999999999858e+01	1.650000000000000000e+02	0.000000000000000000e+00	2.300000000000000000e+01
3.970000000000000284e+01	8.700000000000000000e+01	1.000000000000000000e+01	1.500000000000000000e+01
4.229999999999999716e+01	8.700000000000000000e+01	1.000000000000000000e+01	1.500000000000000000e+01
