3.710000000000000142e+01	2.700000000000000000e+01	6.000000000000000000e+00	1.100000000000000000e+01
3.350000000000000000e+01	2.700000000000000000e+01	6.000000000000000000e+00	1.100000000000000000e+01
3.800000000000000000e+01	2.700000000000000000e+01	6.000000000000000000e+00	1.100000000000000000e+01
1.980000000000000071e+01	6.300000000000000000e+01	0.000000000000000000e+00	0.000000000000000000e+00
4.179999999999999716e+01	2.700000000000000000e+01	6.000000000000000000e+00	1.100000000000000000e+01
4.089999999999999858e+01	2.700000000000000000e+01	6.000000000000000000e+00	1.100000000000000000e+01
1.669999999999999929e+01	6.300000000000000000e+01	0.000000000000000000e+00	0.000000000000000000e+00
1.739999999999999858e+01	6.300000000000000000e+01	0.000000000000000000e+00	0.000000000000000000e+00
1.639999999999999858e+01	6.300000000000000000e+01	0.000000000000000000e+00	0.000000000000000000e+00
3.739999999999999858e+01	2.700000000000000000e+01	6.000000000000000000e+00	1.100000000000000000e+01
3.629999999999999716e+01	2.700000000000000000e+01	6.000000000000000000e+00	1.100000000000000000e+01
3.710000000000000142e+01	2.700000000000000000e+01	6.000000000000000000e+00	1.100000000000000000e+01
1.610000000000000142e+01	6.300000000000000000e+01	0.000000000000000000e+00	0.000000000000000000e+00
9.900000000000000355e+00	6.300000000000000000e+01	0.000000000000000000e+00	0.000000000000000000e+00
7.400000000000000355e+00	6.300000000000000000e+01	0.000000000000000000e+00	0.000000000000000000e+00
8.300000000000000711e+00	6.300000000000000000e+01	0.000000000000000000e+00	0.000000000000000000e+00
9.500000000000000000e+00	6.300000000000000000e+01	0.000000000000000000e+00	0.000000000000000000e+00
3.710000000000000142e+01	2.700000000000000000e+01	6.000000000000000000e+00	1.100000000000000000e+01
1.730000000000000071e+01	6.300000000000000000e+01	0.000000000000000000e+00	0.000000000000000000e+00
3.670000000000000284e+01	2.700000000000000000e+01	6.000000000000000000e+00	1.100000000000000000e+01
3.310000000000000142e+01	2.700000000000000000e+01	6.000000000000000000e+00	1.100000000000000000e+01
3.700000000000000000e+01	2.700000000000000000e+01	6.000000000000000000e+00	1.100000000000000000e+01
8.400000000000000355e+00	6.300000000000000000e+01	0.000000000000000000e+00	0.000000000000000000e+00
3.339999999999999858e+01	2.700000000000000000e+01	6.000000000000000000e+00	1.100000000000000000e+01
3.500000000000000000e+01	2.700000000000000000e+01	6.000000000000000000e+00	1.100000000000000000e+01
3.579999999999999716e+01	2.700000000000000000e+01	6.000000000000000000e+00	1.100000000000000000e+01
3.610000000000000142e+01	2.700000000000000000e+01	6.000000000000000000e+00	1.100000000000000000e+01
3.710000000000000142e+01	2.700000000000000000e+01	6.000000000000000000e+00	1.100000000000000000e+01
8.400000000000000355e+00	6.300000000000000000e+01	0.000000000000000000e+00	0.000000000000000000e+00
3.289999999999999858e+01	2.700000000000000000e+01	6.000000000000000000e+00	1.100000000000000000e+01
3.860000000000000142e+01	2.700000000000000000e+01	6.000000000000000000e+00	1.100000000000000000e+01
3.939999999999999858e+01	2.700000000000000000e+01	6.000000000000000000e+00	1.100000000000000000e+01
3.789999999999999858e+01	2.700000000000000000e+01	6.000000000000000000e+00	1.100000000000000000e+01
3.739999999999999858e+01	2.700000000000000000e+01	6.000000000000000000e+00	1.100000000000000000e+01
3.910000000000000142e+01	2.700000000000000000e+01	6.000000000000000000e+00	1.100000000000000000e+01
3.870000000000000284e+01	2.700000000000000000e+01	6.000000000000000000e+00	1.100000000000000000e+01
3.400000000000000000e+01	2.700000000000000000e+01	6.000000000000000000e+00	1.100000000000000000e+01
1.140000000000000036e+01	6.300000000000000000e+01	0.000000000000000000e+00	0.000000000000000000e+00
3.700000000000000178e+00	3.000000000000000000e+00	3.000000000000000000e+00	8.000000000000000000e+00
4.060000000000000142e+01	2.700000000000000000e+01	6.000000000000000000e+00	1.100000000000000000e+01
3.800000000000000000e+01	2.700000000000000000e+01	6.000000000000000000e+00	1.100000000000000000e+01
3.820000000000000284e+01	2.700000000000000000e+01	6.000000000000000000e+00	1.100000000000000000e+01
3.760000000000000142e+01	2.700000000000000000e+01	6.000000000000000000e+00	1.100000000000000000e+01
3.720000000000000284e+01	2.700000000000000000e+01	6.000000000000000000e+00	1.100000000000000000e+01
3.810000000000000142e+01	2.700000000000000000e+01	6.000000000000000000e+00	1.100000000000000000e+01
3.760000000000000142e+01	2.700000000000000000e+01	6.000000000000000000e+00	1.100000000000000000e+01
3.739999999999999858e+01	2.700000000000000000e+01	6.000000000000000000e+00	1.100000000000000000e+01
3.929999999999999716e+01	2.700000000000000000e+01	6.000000000000000000e+00	1.100000000000000000e+01
3.939999999999999858e+01	2.700000000000000000e+01	6.000000000000000000e+00	1.100000000000000000e+01
3.879999999999999716e+01	2.700000000000000000e+01	6.000000000000000000e+00	1.100000000000000000e+01
3.870000000000000284e+01	2.700000000000000000e+01	6.000000000000000000e+00	1.100000000000000000e+01
3.900000000000000000e+01	2.700000000000000000e+01	6.000000000000000000e+00	1.100000000000000000e+01
3.360000000000000142e+01	2.700000000000000000e+01	6.000000000000000000e+00	1.100000000000000000e+01
3.589999999999999858e+01	2.700000000000000000e+01	6.000000000000000000e+00	1.100000000000000000e+01
3.579999999999999716e+01	2.700000000000000000e+01	6.000000000000000000e+00	1.100000000000000000e+01
3.799999999999999822e+00	0.000000000000000000e+00	0.000000000000000000e+00	8.000000000000000000e+00
6.400000000000000355e+00	6.300000000000000000e+01	0.000000000000000000e+00	0.000000000000000000e+00
3.700000000000000178e+00	0.000000000000000000e+00	0.000000000000000000e+00	8.000000000000000000e+00
4.089999999999999858e+01	2.700000000000000000e+01	6.000000000000000000e+00	1.100000000000000000e+01
3.929999999999999716e+01	2.700000000000000000e+01	6.000000000000000000e+00	1.100000000000000000e+01
3.500000000000000000e+01	2.700000000000000000e+01	6.000000000000000000e+00	1.100000000000000000e+01
3.550000000000000000e+01	2.700000000000000000e+01	6.000000000000000000e+00	1.100000000000000000e+01
3.729999999999999716e+01	2.700000000000000000e+01	6.000000000000000000e+00	1.100000000000000000e+01
3.700000000000000178e+00	3.000000000000000000e+00	3.000000000000000000e+00	8.000000000000000000e+00
3.789999999999999858e+01	2.700000000000000000e+01	6.000000000000000000e+00	1.100000000000000000e+01
3.820000000000000284e+01	2.700000000000000000e+01	6.000000000000000000e+00	1.100000000000000000e+01
3.820000000000000284e+01	2.700000000000000000e+01	6.000000000000000000e+00	1.100000000000000000e+01
3.970000000000000284e+01	2.700000000000000000e+01	6.000000000000000000e+00	1.100000000000000000e+01
3.679999999999999716e+01	2.700000000000000000e+01	6.000000000000000000e+00	1.100000000000000000e+01
3.920000000000000284e+01	2.700000000000000000e+01	6.000000000000000000e+00	1.100000000000000000e+01
3.979999999999999716e+01	2.700000000000000000e+01	6.000000000000000000e+00	1.100000000000000000e+01
3.900000000000000000e+01	2.700000000000000000e+01	6.000000000000000000e+00	1.100000000000000000e+01
3.820000000000000284e+01	2.700000000000000000e+01	6.000000000000000000e+00	1.100000000000000000e+01
3.870000000000000284e+01	2.700000000000000000e+01	6.000000000000000000e+00	1.100000000000000000e+01
3.850000000000000000e+01	2.700000000000000000e+01	6.000000000000000000e+00	1.100000000000000000e+01
6.900000000000000355e+00	6.300000000000000000e+01	0.000000000000000000e+00	0.000000000000000000e+00
3.810000000000000142e+01	2.700000000000000000e+01	6.000000000000000000e+00	1.100000000000000000e+01
3.870000000000000284e+01	2.700000000000000000e+01	6.000000000000000000e+00	1.100000000000000000e+01
3.700000000000000178e+00	3.000000000000000000e+00	3.000000000000000000e+00	8.000000000000000000e+00
3.750000000000000000e+01	2.700000000000000000e+01	6.000000000000000000e+00	1.100000000000000000e+01
3.539999999999999858e+01	2.700000000000000000e+01	6.000000000000000000e+00	1.100000000000000000e+01
3.489999999999999858e+01	2.700000000000000000e+01	6.000000000000000000e+00	1.100000000000000000e+01
3.589999999999999858e+01	2.700000000000000000e+01	6.000000000000000000e+00	1.100000000000000000e+01
3.560000000000000142e+01	2.700000000000000000e+01	6.000000000000000000e+00	1.100000000000000000e+01
3.610000000000000142e+01	2.700000000000000000e+01	6.000000000000000000e+00	1.100000000000000000e+01
3.770000000000000284e+01	2.700000000000000000e+01	6.000000000000000000e+00	1.100000000000000000e+01
3.779999999999999716e+01	2.700000000000000000e+01	6.000000000000000000e+00	1.100000000000000000e+01
3.810000000000000142e+01	2.700000000000000000e+01	6.000000000000000000e+00	1.100000000000000000e+01
3.789999999999999858e+01	2.700000000000000000e+01	6.000000000000000000e+00	1.100000000000000000e+01
3.920000000000000284e+01	2.700000000000000000e+01	6.000000000000000000e+00	1.100000000000000000e+01
3.879999999999999716e+01	2.700000000000000000e+01	6.000000000000000000e+00	1.100000000000000000e+01
3.850000000000000000e+01	2.700000000000000000e+01	6.000000000000000000e+00	1.100000000000000000e+01
3.829999999999999716e+01	2.700000000000000000e+01	6.000000000000000000e+00	1.100000000000000000e+01
3.810000000000000142e+01	2.700000000000000000e+01	6.000000000000000000e+00	1.100000000000000000e+01
3.820000000000000284e+01	2.700000000000000000e+01	6.000000000000000000e+00	1.100000000000000000e+01
3.800000000000000000e+01	2.700000000000000000e+01	6.000000000000000000e+00	1.100000000000000000e+01
3.779999999999999716e+01	2.700000000000000000e+01	6.000000000000000000e+00	1.100000000000000000e+01
3.760000000000000142e+01	2.700000000000000000e+01	6.000000000000000000e+00	1.100000000000000000e+01
3.650000000000000000e+01	2.700000000000000000e+01	6.000000000000000000e+00	1.100000000000000000e+01
3.539999999999999858e+01	2.700000000000000000e+01	6.000000000000000000e+00	1.100000000000000000e+01
3.439999999999999858e+01	2.700000000000000000e+01	6.000000000000000000e+00	1.100000000000000000e+01
3.239999999999999858e+01	2.700000000000000000e+01	6.000000000000000000e+00	1.100000000000000000e+01
3.829999999999999716e+01	2.700000000000000000e+01	6.000000000000000000e+00	1.100000000000000000e+01
3.670000000000000284e+01	2.700000000000000000e+01	6.000000000000000000e+00	1.100000000000000000e+01
3.310000000000000142e+01	2.700000000000000000e+01	6.000000000000000000e+00	1.100000000000000000e+01
3.210000000000000142e+01	1.100000000000000000e+01	4.000000000000000000e+00	9.000000000000000000e+00
1.169999999999999929e+01	6.300000000000000000e+01	0.000000000000000000e+00	0.000000000000000000e+00
3.900000000000000000e+01	2.700000000000000000e+01	6.000000000000000000e+00	1.100000000000000000e+01
3.729999999999999716e+01	2.700000000000000000e+01	6.000000000000000000e+00	1.100000000000000000e+01
3.600000000000000000e+01	2.700000000000000000e+01	6.000000000000000000e+00	1.100000000000000000e+01
1.369999999999999929e+01	6.300000000000000000e+01	0.000000000000000000e+00	0.000000000000000000e+00
1.459999999999999964e+01	6.300000000000000000e+01	0.000000000000000000e+00	0.000000000000000000e+00
1.739999999999999858e+01	6.300000000000000000e+01	0.000000000000000000e+00	0.000000000000000000e+00
3.560000000000000142e+01	2.700000000000000000e+01	6.000000000000000000e+00	1.100000000000000000e+01
1.180000000000000071e+01	6.300000000000000000e+01	0.000000000000000000e+00	0.000000000000000000e+00
8.800000000000000711e+00	6.300000000000000000e+01	0.000000000000000000e+00	0.000000000000000000e+00
3.700000000000000178e+00	3.000000000000000000e+00	3.000000000000000000e+00	8.000000000000000000e+00
3.700000000000000178e+00	3.000000000000000000e+00	3.000000000000000000e+00	8.000000000000000000e+00
1.309999999999999964e+01	6.300000000000000000e+01	0.000000000000000000e+00	0.000000000000000000e+00
1.750000000000000000e+01	6.300000000000000000e+01	0.000000000000000000e+00	0.000000000000000000e+00
1.459999999999999964e+01	6.300000000000000000e+01	0.000000000000000000e+00	0.000000000000000000e+00
3.700000000000000178e+00	3.000000000000000000e+00	3.000000000000000000e+00	8.000000000000000000e+00
3.700000000000000178e+00	3.000000000000000000e+00	3.000000000000000000e+00	8.000000000000000000e+00
3.700000000000000178e+00	3.000000000000000000e+00	3.000000000000000000e+00	8.000000000000000000e+00
1.630000000000000071e+01	6.300000000000000000e+01	0.000000000000000000e+00	0.000000000000000000e+00
3.700000000000000178e+00	3.000000000000000000e+00	3.000000000000000000e+00	8.000000000000000000e+00
3.700000000000000178e+00	3.000000000000000000e+00	3.000000000000000000e+00	8.000000000000000000e+00
3.700000000000000178e+00	3.000000000000000000e+00	3.000000000000000000e+00	8.000000000000000000e+00
3.700000000000000178e+00	3.000000000000000000e+00	3.000000000000000000e+00	8.000000000000000000e+00
3.729999999999999716e+01	2.700000000000000000e+01	6.000000000000000000e+00	1.100000000000000000e+01
3.700000000000000178e+00	3.000000000000000000e+00	3.000000000000000000e+00	8.000000000000000000e+00
3.700000000000000178e+00	3.000000000000000000e+00	3.000000000000000000e+00	8.000000000000000000e+00
3.700000000000000178e+00	3.000000000000000000e+00	3.000000000000000000e+00	8.000000000000000000e+00
3.700000000000000178e+00	3.000000000000000000e+00	3.000000000000000000e+00	8.000000000000000000e+00
3.700000000000000178e+00	3.000000000000000000e+00	3.000000000000000000e+00	8.000000000000000000e+00
3.700000000000000178e+00	3.000000000000000000e+00	3.000000000000000000e+00	8.000000000000000000e+00
3.679999999999999716e+01	2.700000000000000000e+01	6.000000000000000000e+00	1.100000000000000000e+01
3.579999999999999716e+01	2.700000000000000000e+01	6.000000000000000000e+00	1.100000000000000000e+01
9.099999999999999645e+00	6.300000000000000000e+01	0.000000000000000000e+00	0.000000000000000000e+00
3.700000000000000178e+00	3.000000000000000000e+00	3.000000000000000000e+00	8.000000000000000000e+00
3.700000000000000178e+00	3.000000000000000000e+00	3.000000000000000000e+00	8.000000000000000000e+00
3.700000000000000178e+00	3.000000000000000000e+00	3.000000000000000000e+00	8.000000000000000000e+00
3.700000000000000178e+00	3.000000000000000000e+00	3.000000000000000000e+00	8.000000000000000000e+00
3.700000000000000178e+00	3.000000000000000000e+00	3.000000000000000000e+00	8.000000000000000000e+00
3.879999999999999716e+01	2.700000000000000000e+01	6.000000000000000000e+00	1.100000000000000000e+01
3.770000000000000284e+01	2.700000000000000000e+01	6.000000000000000000e+00	1.100000000000000000e+01
3.620000000000000284e+01	2.700000000000000000e+01	6.000000000000000000e+00	1.100000000000000000e+01
8.300000000000000711e+00	6.300000000000000000e+01	0.000000000000000000e+00	0.000000000000000000e+00
9.699999999999999289e+00	6.300000000000000000e+01	0.000000000000000000e+00	0.000000000000000000e+00
1.240000000000000036e+01	6.300000000000000000e+01	0.000000000000000000e+00	0.000000000000000000e+00
3.700000000000000178e+00	3.000000000000000000e+00	3.000000000000000000e+00	8.000000000000000000e+00
3.700000000000000178e+00	3.000000000000000000e+00	3.000000000000000000e+00	8.000000000000000000e+00
3.139999999999999858e+01	2.700000000000000000e+01	6.000000000000000000e+00	1.100000000000000000e+01
8.599999999999999645e+00	6.300000000000000000e+01	0.000000000000000000e+00	0.000000000000000000e+00
5.400000000000000355e+00	6.300000000000000000e+01	0.000000000000000000e+00	0.000000000000000000e+00
1.689999999999999858e+01	6.300000000000000000e+01	0.000000000000000000e+00	0.000000000000000000e+00
5.700000000000000178e+00	6.300000000000000000e+01	0.000000000000000000e+00	0.000000000000000000e+00
1.009999999999999964e+01	6.300000000000000000e+01	0.000000000000000000e+00	0.000000000000000000e+00
1.250000000000000000e+01	6.300000000000000000e+01	0.000000000000000000e+00	0.000000000000000000e+00
3.700000000000000178e+00	3.000000000000000000e+00	3.000000000000000000e+00	8.000000000000000000e+00
3.700000000000000178e+00	3.000000000000000000e+00	3.000000000000000000e+00	8.000000000000000000e+00
3.700000000000000178e+00	3.000000000000000000e+00	3.000000000000000000e+00	8.000000000000000000e+00
3.700000000000000178e+00	3.000000000000000000e+00	3.000000000000000000e+00	8.000000000000000000e+00
3.260000000000000142e+01	2.700000000000000000e+01	6.000000000000000000e+00	1.100000000000000000e+01
3.300000000000000000e+01	2.700000000000000000e+01	6.000000000000000000e+00	1.100000000000000000e+01
1.290000000000000036e+01	6.300000000000000000e+01	0.000000000000000000e+00	0.000000000000000000e+00
3.579999999999999716e+01	2.700000000000000000e+01	6.000000000000000000e+00	1.100000000000000000e+01
3.789999999999999858e+01	2.700000000000000000e+01	6.000000000000000000e+00	1.100000000000000000e+01
