4.110000000000000142e+01	8.700000000000000000e+01	1.000000000000000000e+01	1.500000000000000000e+01
3.760000000000000142e+01	8.700000000000000000e+01	1.000000000000000000e+01	1.500000000000000000e+01
4.539999999999999858e+01	1.720000000000000000e+02	7.000000000000000000e+00	2.300000000000000000e+01
5.010000000000000142e+01	1.550000000000000000e+02	1.000000000000000000e+00	2.200000000000000000e+01
5.379999999999999716e+01	1.650000000000000000e+02	0.000000000000000000e+00	2.300000000000000000e+01
4.620000000000000284e+01	1.720000000000000000e+02	7.000000000000000000e+00	2.300000000000000000e+01
4.470000000000000284e+01	1.570000000000000000e+02	3.000000000000000000e+00	2.200000000000000000e+01
4.489999999999999858e+01	1.570000000000000000e+02	3.000000000000000000e+00	2.200000000000000000e+01
4.439999999999999858e+01	1.570000000000000000e+02	3.000000000000000000e+00	2.200000000000000000e+01
4.160000000000000142e+01	8.700000000000000000e+01	1.000000000000000000e+01	1.500000000000000000e+01
4.050000000000000000e+01	8.700000000000000000e+01	1.000000000000000000e+01	1.500000000000000000e+01
4.129999999999999716e+01	8.700000000000000000e+01	1.000000000000000000e+01	1.500000000000000000e+01
4.250000000000000000e+01	1.440000000000000000e+02	1.000000000000000000e+00	2.100000000000000000e+01
3.189999999999999858e+01	1.440000000000000000e+02	1.000000000000000000e+00	2.100000000000000000e+01
2.300000000000000000e+01	1.440000000000000000e+02	1.000000000000000000e+00	2.100000000000000000e+01
2.800000000000000000e+01	1.720000000000000000e+02	7.000000000000000000e+00	2.300000000000000000e+01
3.180000000000000071e+01	1.720000000000000000e+02	7.000000000000000000e+00	2.300000000000000000e+01
4.129999999999999716e+01	8.700000000000000000e+01	1.000000000000000000e+01	1.500000000000000000e+01
4.370000000000000284e+01	1.570000000000000000e+02	3.000000000000000000e+00	2.200000000000000000e+01
4.489999999999999858e+01	1.720000000000000000e+02	7.000000000000000000e+00	2.300000000000000000e+01
3.729999999999999716e+01	8.700000000000000000e+01	1.000000000000000000e+01	1.500000000000000000e+01
4.120000000000000284e+01	8.700000000000000000e+01	1.000000000000000000e+01	1.500000000000000000e+01
2.939999999999999858e+01	1.570000000000000000e+02	3.000000000000000000e+00	2.200000000000000000e+01
3.750000000000000000e+01	8.700000000000000000e+01	1.000000000000000000e+01	1.500000000000000000e+01
3.970000000000000284e+01	8.700000000000000000e+01	1.000000000000000000e+01	1.500000000000000000e+01
4.010000000000000142e+01	8.700000000000000000e+01	1.000000000000000000e+01	1.500000000000000000e+01
3.700000000000000000e+01	8.700000000000000000e+01	1.000000000000000000e+01	1.500000000000000000e+01
4.100000000000000000e+01	8.700000000000000000e+01	1.000000000000000000e+01	1.500000000000000000e+01
2.850000000000000000e+01	1.320000000000000000e+02	0.000000000000000000e+00	2.000000000000000000e+01
3.500000000000000000e+01	8.700000000000000000e+01	1.000000000000000000e+01	1.500000000000000000e+01
4.000000000000000000e+01	8.700000000000000000e+01	1.000000000000000000e+01	1.500000000000000000e+01
4.329999999999999716e+01	8.700000000000000000e+01	1.000000000000000000e+01	1.500000000000000000e+01
4.210000000000000142e+01	8.700000000000000000e+01	1.000000000000000000e+01	1.500000000000000000e+01
4.160000000000000142e+01	8.700000000000000000e+01	1.000000000000000000e+01	1.500000000000000000e+01
4.339999999999999858e+01	8.700000000000000000e+01	1.000000000000000000e+01	1.500000000000000000e+01
4.289999999999999858e+01	8.700000000000000000e+01	1.000000000000000000e+01	1.500000000000000000e+01
3.729999999999999716e+01	8.700000000000000000e+01	1.000000000000000000e+01	1.500000000000000000e+01
3.420000000000000284e+01	1.440000000000000000e+02	1.000000000000000000e+00	2.100000000000000000e+01
4.410000000000000142e+01	1.720000000000000000e+02	7.000000000000000000e+00	2.300000000000000000e+01
4.450000000000000000e+01	8.700000000000000000e+01	1.000000000000000000e+01	1.500000000000000000e+01
3.820000000000000284e+01	7.500000000000000000e+01	9.000000000000000000e+00	1.400000000000000000e+01
3.829999999999999716e+01	7.500000000000000000e+01	9.000000000000000000e+00	1.400000000000000000e+01
3.779999999999999716e+01	7.500000000000000000e+01	9.000000000000000000e+00	1.400000000000000000e+01
3.920000000000000284e+01	8.700000000000000000e+01	1.000000000000000000e+01	1.500000000000000000e+01
4.220000000000000284e+01	8.700000000000000000e+01	1.000000000000000000e+01	1.500000000000000000e+01
4.210000000000000142e+01	8.700000000000000000e+01	1.000000000000000000e+01	1.500000000000000000e+01
4.150000000000000000e+01	8.700000000000000000e+01	1.000000000000000000e+01	1.500000000000000000e+01
4.100000000000000000e+01	8.700000000000000000e+01	1.000000000000000000e+01	1.500000000000000000e+01
4.110000000000000142e+01	8.700000000000000000e+01	1.000000000000000000e+01	1.500000000000000000e+01
4.029999999999999716e+01	8.700000000000000000e+01	1.000000000000000000e+01	1.500000000000000000e+01
4.289999999999999858e+01	8.700000000000000000e+01	1.000000000000000000e+01	1.500000000000000000e+01
4.310000000000000142e+01	8.700000000000000000e+01	1.000000000000000000e+01	1.500000000000000000e+01
3.570000000000000284e+01	8.700000000000000000e+01	1.000000000000000000e+01	1.500000000000000000e+01
4.360000000000000142e+01	1.720000000000000000e+02	7.000000000000000000e+00	2.300000000000000000e+01
3.979999999999999716e+01	8.700000000000000000e+01	1.000000000000000000e+01	1.500000000000000000e+01
3.799999999999999822e+00	0.000000000000000000e+00	0.000000000000000000e+00	8.000000000000000000e+00
2.430000000000000071e+01	1.440000000000000000e+02	1.000000000000000000e+00	2.100000000000000000e+01
3.700000000000000178e+00	0.000000000000000000e+00	0.000000000000000000e+00	8.000000000000000000e+00
5.289999999999999858e+01	1.650000000000000000e+02	0.000000000000000000e+00	2.300000000000000000e+01
4.360000000000000142e+01	1.720000000000000000e+02	7.000000000000000000e+00	2.300000000000000000e+01
3.550000000000000000e+01	7.500000000000000000e+01	9.000000000000000000e+00	1.400000000000000000e+01
3.600000000000000000e+01	7.500000000000000000e+01	9.000000000000000000e+00	1.400000000000000000e+01
3.810000000000000142e+01	8.700000000000000000e+01	1.000000000000000000e+01	1.500000000000000000e+01
4.750000000000000000e+01	1.560000000000000000e+02	2.000000000000000000e+00	2.200000000000000000e+01
4.139999999999999858e+01	8.700000000000000000e+01	1.000000000000000000e+01	1.500000000000000000e+01
4.000000000000000000e+01	8.700000000000000000e+01	1.000000000000000000e+01	1.500000000000000000e+01
4.220000000000000284e+01	8.700000000000000000e+01	1.000000000000000000e+01	1.500000000000000000e+01
4.150000000000000000e+01	8.700000000000000000e+01	1.000000000000000000e+01	1.500000000000000000e+01
3.870000000000000284e+01	8.700000000000000000e+01	1.000000000000000000e+01	1.500000000000000000e+01
4.100000000000000000e+01	8.700000000000000000e+01	1.000000000000000000e+01	1.500000000000000000e+01
4.400000000000000000e+01	1.720000000000000000e+02	7.000000000000000000e+00	2.300000000000000000e+01
3.929999999999999716e+01	8.700000000000000000e+01	1.000000000000000000e+01	1.500000000000000000e+01
3.900000000000000000e+01	8.700000000000000000e+01	1.000000000000000000e+01	1.500000000000000000e+01
3.950000000000000000e+01	8.700000000000000000e+01	1.000000000000000000e+01	1.500000000000000000e+01
3.929999999999999716e+01	8.700000000000000000e+01	1.000000000000000000e+01	1.500000000000000000e+01
1.850000000000000000e+01	1.440000000000000000e+02	1.000000000000000000e+00	2.100000000000000000e+01
3.939999999999999858e+01	8.700000000000000000e+01	1.000000000000000000e+01	1.500000000000000000e+01
4.010000000000000142e+01	8.700000000000000000e+01	1.000000000000000000e+01	1.500000000000000000e+01
3.799999999999999822e+00	1.730000000000000000e+02	8.000000000000000000e+00	2.300000000000000000e+01
3.879999999999999716e+01	8.700000000000000000e+01	1.000000000000000000e+01	1.500000000000000000e+01
3.960000000000000142e+01	8.700000000000000000e+01	1.000000000000000000e+01	1.500000000000000000e+01
3.950000000000000000e+01	8.700000000000000000e+01	1.000000000000000000e+01	1.500000000000000000e+01
4.039999999999999858e+01	8.700000000000000000e+01	1.000000000000000000e+01	1.500000000000000000e+01
4.010000000000000142e+01	8.700000000000000000e+01	1.000000000000000000e+01	1.500000000000000000e+01
4.060000000000000142e+01	8.700000000000000000e+01	1.000000000000000000e+01	1.500000000000000000e+01
3.839999999999999858e+01	8.700000000000000000e+01	1.000000000000000000e+01	1.500000000000000000e+01
4.200000000000000000e+01	8.700000000000000000e+01	1.000000000000000000e+01	1.500000000000000000e+01
3.879999999999999716e+01	8.700000000000000000e+01	1.000000000000000000e+01	1.500000000000000000e+01
4.210000000000000142e+01	8.700000000000000000e+01	1.000000000000000000e+01	1.500000000000000000e+01
4.350000000000000000e+01	8.700000000000000000e+01	1.000000000000000000e+01	1.500000000000000000e+01
4.279999999999999716e+01	8.700000000000000000e+01	1.000000000000000000e+01	1.500000000000000000e+01
4.260000000000000142e+01	8.700000000000000000e+01	1.000000000000000000e+01	1.500000000000000000e+01
4.239999999999999858e+01	8.700000000000000000e+01	1.000000000000000000e+01	1.500000000000000000e+01
4.229999999999999716e+01	8.700000000000000000e+01	1.000000000000000000e+01	1.500000000000000000e+01
4.220000000000000284e+01	8.700000000000000000e+01	1.000000000000000000e+01	1.500000000000000000e+01
4.200000000000000000e+01	8.700000000000000000e+01	1.000000000000000000e+01	1.500000000000000000e+01
4.189999999999999858e+01	8.700000000000000000e+01	1.000000000000000000e+01	1.500000000000000000e+01
4.179999999999999716e+01	8.700000000000000000e+01	1.000000000000000000e+01	1.500000000000000000e+01
3.750000000000000000e+01	8.700000000000000000e+01	1.000000000000000000e+01	1.500000000000000000e+01
3.570000000000000284e+01	8.700000000000000000e+01	1.000000000000000000e+01	1.500000000000000000e+01
3.470000000000000284e+01	8.700000000000000000e+01	1.000000000000000000e+01	1.500000000000000000e+01
3.239999999999999858e+01	7.500000000000000000e+01	9.000000000000000000e+00	1.400000000000000000e+01
3.929999999999999716e+01	8.700000000000000000e+01	1.000000000000000000e+01	1.500000000000000000e+01
3.770000000000000284e+01	8.700000000000000000e+01	1.000000000000000000e+01	1.500000000000000000e+01
3.310000000000000142e+01	7.500000000000000000e+01	9.000000000000000000e+00	1.400000000000000000e+01
3.210000000000000142e+01	1.500000000000000000e+01	4.000000000000000000e+00	9.000000000000000000e+00
2.730000000000000071e+01	1.440000000000000000e+02	1.000000000000000000e+00	2.100000000000000000e+01
3.979999999999999716e+01	7.500000000000000000e+01	9.000000000000000000e+00	1.400000000000000000e+01
3.789999999999999858e+01	6.300000000000000000e+01	8.000000000000000000e+00	1.300000000000000000e+01
3.639999999999999858e+01	6.300000000000000000e+01	8.000000000000000000e+00	1.300000000000000000e+01
3.639999999999999858e+01	1.440000000000000000e+02	1.000000000000000000e+00	2.100000000000000000e+01
3.539999999999999858e+01	1.440000000000000000e+02	1.000000000000000000e+00	2.100000000000000000e+01
4.479999999999999716e+01	1.430000000000000000e+02	0.000000000000000000e+00	2.100000000000000000e+01
3.760000000000000142e+01	8.700000000000000000e+01	1.000000000000000000e+01	1.500000000000000000e+01
3.410000000000000142e+01	1.440000000000000000e+02	1.000000000000000000e+00	2.100000000000000000e+01
3.250000000000000000e+01	1.440000000000000000e+02	1.000000000000000000e+00	2.100000000000000000e+01
4.029999999999999716e+01	1.430000000000000000e+02	0.000000000000000000e+00	2.100000000000000000e+01
4.110000000000000142e+01	1.430000000000000000e+02	0.000000000000000000e+00	2.100000000000000000e+01
3.550000000000000000e+01	1.440000000000000000e+02	1.000000000000000000e+00	2.100000000000000000e+01
4.479999999999999716e+01	1.430000000000000000e+02	0.000000000000000000e+00	2.100000000000000000e+01
4.329999999999999716e+01	1.440000000000000000e+02	1.000000000000000000e+00	2.100000000000000000e+01
4.150000000000000000e+01	1.540000000000000000e+02	0.000000000000000000e+00	2.200000000000000000e+01
4.070000000000000284e+01	1.540000000000000000e+02	0.000000000000000000e+00	2.200000000000000000e+01
4.370000000000000284e+01	1.540000000000000000e+02	0.000000000000000000e+00	2.200000000000000000e+01
4.400000000000000000e+01	1.430000000000000000e+02	0.000000000000000000e+00	2.100000000000000000e+01
4.170000000000000284e+01	1.430000000000000000e+02	0.000000000000000000e+00	2.100000000000000000e+01
4.060000000000000142e+01	1.430000000000000000e+02	0.000000000000000000e+00	2.100000000000000000e+01
4.260000000000000142e+01	1.540000000000000000e+02	0.000000000000000000e+00	2.200000000000000000e+01
4.300000000000000000e+01	1.540000000000000000e+02	0.000000000000000000e+00	2.200000000000000000e+01
3.820000000000000284e+01	8.700000000000000000e+01	1.000000000000000000e+01	1.500000000000000000e+01
4.279999999999999716e+01	1.430000000000000000e+02	0.000000000000000000e+00	2.100000000000000000e+01
4.310000000000000142e+01	1.540000000000000000e+02	0.000000000000000000e+00	2.200000000000000000e+01
4.120000000000000284e+01	1.540000000000000000e+02	0.000000000000000000e+00	2.200000000000000000e+01
4.520000000000000284e+01	1.540000000000000000e+02	0.000000000000000000e+00	2.200000000000000000e+01
4.529999999999999716e+01	1.540000000000000000e+02	0.000000000000000000e+00	2.200000000000000000e+01
4.639999999999999858e+01	1.570000000000000000e+02	3.000000000000000000e+00	2.200000000000000000e+01
3.700000000000000000e+01	7.500000000000000000e+01	9.000000000000000000e+00	1.400000000000000000e+01
3.600000000000000000e+01	7.500000000000000000e+01	9.000000000000000000e+00	1.400000000000000000e+01
1.860000000000000142e+01	1.320000000000000000e+02	0.000000000000000000e+00	2.000000000000000000e+01
4.539999999999999858e+01	1.570000000000000000e+02	3.000000000000000000e+00	2.200000000000000000e+01
4.600000000000000000e+01	1.570000000000000000e+02	3.000000000000000000e+00	2.200000000000000000e+01
4.410000000000000142e+01	1.560000000000000000e+02	2.000000000000000000e+00	2.200000000000000000e+01
4.620000000000000284e+01	1.560000000000000000e+02	2.000000000000000000e+00	2.200000000000000000e+01
4.629999999999999716e+01	1.550000000000000000e+02	1.000000000000000000e+00	2.200000000000000000e+01
3.929999999999999716e+01	8.700000000000000000e+01	1.000000000000000000e+01	1.500000000000000000e+01
3.800000000000000000e+01	8.700000000000000000e+01	1.000000000000000000e+01	1.500000000000000000e+01
3.639999999999999858e+01	8.700000000000000000e+01	1.000000000000000000e+01	1.500000000000000000e+01
2.150000000000000000e+01	1.440000000000000000e+02	1.000000000000000000e+00	2.100000000000000000e+01
2.089999999999999858e+01	1.440000000000000000e+02	1.000000000000000000e+00	2.100000000000000000e+01
2.989999999999999858e+01	1.440000000000000000e+02	1.000000000000000000e+00	2.100000000000000000e+01
4.600000000000000000e+01	1.570000000000000000e+02	3.000000000000000000e+00	2.200000000000000000e+01
4.370000000000000284e+01	1.540000000000000000e+02	0.000000000000000000e+00	2.200000000000000000e+01
3.329999999999999716e+01	8.700000000000000000e+01	1.000000000000000000e+01	1.500000000000000000e+01
1.000000000000000000e+01	1.110000000000000000e+02	1.000000000000000000e+00	1.800000000000000000e+01
8.300000000000000711e+00	1.110000000000000000e+02	1.000000000000000000e+00	1.800000000000000000e+01
4.550000000000000000e+01	1.430000000000000000e+02	0.000000000000000000e+00	2.100000000000000000e+01
2.419999999999999929e+01	1.440000000000000000e+02	1.000000000000000000e+00	2.100000000000000000e+01
3.529999999999999716e+01	1.440000000000000000e+02	1.000000000000000000e+00	2.100000000000000000e+01
4.220000000000000284e+01	1.430000000000000000e+02	0.000000000000000000e+00	2.100000000000000000e+01
4.289999999999999858e+01	1.550000000000000000e+02	1.000000000000000000e+00	2.200000000000000000e+01
4.429999999999999716e+01	1.540000000000000000e+02	0.000000000000000000e+00	2.200000000000000000e+01
4.439999999999999858e+01	1.540000000000000000e+02	0.000000000000000000e+00	2.200000000000000000e+01
4.670000000000000284e+01	1.570000000000000000e+02	3.000000000000000000e+00	2.200000000000000000e+01
3.670000000000000284e+01	8.700000000000000000e+01	1.000000000000000000e+01	1.500000000000000000e+01
3.710000000000000142e+01	8.700000000000000000e+01	1.000000000000000000e+01	1.500000000000000000e+01
4.089999999999999858e+01	1.440000000000000000e+02	1.000000000000000000e+00	2.100000000000000000e+01
4.010000000000000142e+01	8.700000000000000000e+01	1.000000000000000000e+01	1.500000000000000000e+01
4.210000000000000142e+01	8.700000000000000000e+01	1.000000000000000000e+01	1.500000000000000000e+01
