3.989999999999999858e+01	8.700000000000000000e+01	1.000000000000000000e+01	1.500000000000000000e+01
3.589999999999999858e+01	8.700000000000000000e+01	1.000000000000000000e+01	1.500000000000000000e+01
4.289999999999999858e+01	8.700000000000000000e+01	1.000000000000000000e+01	1.500000000000000000e+01
2.800000000000000000e+01	1.650000000000000000e+02	0.000000000000000000e+00	2.300000000000000000e+01
4.689999999999999858e+01	8.700000000000000000e+01	1.000000000000000000e+01	1.500000000000000000e+01
4.520000000000000284e+01	8.700000000000000000e+01	1.000000000000000000e+01	1.500000000000000000e+01
2.739999999999999858e+01	1.650000000000000000e+02	0.000000000000000000e+00	2.300000000000000000e+01
2.769999999999999929e+01	1.650000000000000000e+02	0.000000000000000000e+00	2.300000000000000000e+01
2.739999999999999858e+01	1.650000000000000000e+02	0.000000000000000000e+00	2.300000000000000000e+01
4.279999999999999716e+01	8.700000000000000000e+01	1.000000000000000000e+01	1.500000000000000000e+01
4.110000000000000142e+01	8.700000000000000000e+01	1.000000000000000000e+01	1.500000000000000000e+01
4.250000000000000000e+01	8.700000000000000000e+01	1.000000000000000000e+01	1.500000000000000000e+01
1.939999999999999858e+01	1.660000000000000000e+02	1.000000000000000000e+00	2.300000000000000000e+01
1.930000000000000071e+01	1.650000000000000000e+02	0.000000000000000000e+00	2.300000000000000000e+01
1.400000000000000000e+01	1.660000000000000000e+02	1.000000000000000000e+00	2.300000000000000000e+01
1.009999999999999964e+01	1.730000000000000000e+02	8.000000000000000000e+00	2.300000000000000000e+01
1.980000000000000071e+01	1.650000000000000000e+02	0.000000000000000000e+00	2.300000000000000000e+01
4.239999999999999858e+01	8.700000000000000000e+01	1.000000000000000000e+01	1.500000000000000000e+01
2.730000000000000071e+01	1.650000000000000000e+02	0.000000000000000000e+00	2.300000000000000000e+01
1.639999999999999858e+01	1.730000000000000000e+02	8.000000000000000000e+00	2.300000000000000000e+01
3.260000000000000142e+01	8.700000000000000000e+01	1.000000000000000000e+01	1.500000000000000000e+01
4.239999999999999858e+01	8.700000000000000000e+01	1.000000000000000000e+01	1.500000000000000000e+01
9.000000000000000000e+00	1.720000000000000000e+02	7.000000000000000000e+00	2.300000000000000000e+01
3.470000000000000284e+01	8.700000000000000000e+01	1.000000000000000000e+01	1.500000000000000000e+01
3.839999999999999858e+01	8.700000000000000000e+01	1.000000000000000000e+01	1.500000000000000000e+01
3.989999999999999858e+01	8.700000000000000000e+01	1.000000000000000000e+01	1.500000000000000000e+01
3.460000000000000142e+01	8.700000000000000000e+01	1.000000000000000000e+01	1.500000000000000000e+01
3.860000000000000142e+01	8.700000000000000000e+01	1.000000000000000000e+01	1.500000000000000000e+01
7.700000000000000178e+00	1.720000000000000000e+02	7.000000000000000000e+00	2.300000000000000000e+01
3.030000000000000071e+01	8.700000000000000000e+01	1.000000000000000000e+01	1.500000000000000000e+01
4.000000000000000000e+01	8.700000000000000000e+01	1.000000000000000000e+01	1.500000000000000000e+01
4.360000000000000142e+01	8.700000000000000000e+01	1.000000000000000000e+01	1.500000000000000000e+01
4.220000000000000284e+01	8.700000000000000000e+01	1.000000000000000000e+01	1.500000000000000000e+01
4.189999999999999858e+01	8.700000000000000000e+01	1.000000000000000000e+01	1.500000000000000000e+01
4.339999999999999858e+01	8.700000000000000000e+01	1.000000000000000000e+01	1.500000000000000000e+01
4.289999999999999858e+01	8.700000000000000000e+01	1.000000000000000000e+01	1.500000000000000000e+01
3.000000000000000000e+01	8.700000000000000000e+01	1.000000000000000000e+01	1.500000000000000000e+01
1.140000000000000036e+01	1.730000000000000000e+02	8.000000000000000000e+00	2.300000000000000000e+01
2.110000000000000142e+01	1.200000000000000000e+02	1.000000000000000000e+01	1.800000000000000000e+01
4.450000000000000000e+01	8.700000000000000000e+01	1.000000000000000000e+01	1.500000000000000000e+01
3.839999999999999858e+01	8.700000000000000000e+01	1.000000000000000000e+01	1.500000000000000000e+01
3.850000000000000000e+01	8.700000000000000000e+01	1.000000000000000000e+01	1.500000000000000000e+01
3.800000000000000000e+01	8.700000000000000000e+01	1.000000000000000000e+01	1.500000000000000000e+01
3.189999999999999858e+01	7.500000000000000000e+01	9.000000000000000000e+00	1.400000000000000000e+01
4.000000000000000000e+01	8.700000000000000000e+01	1.000000000000000000e+01	1.500000000000000000e+01
4.189999999999999858e+01	8.700000000000000000e+01	1.000000000000000000e+01	1.500000000000000000e+01
3.939999999999999858e+01	8.700000000000000000e+01	1.000000000000000000e+01	1.500000000000000000e+01
4.210000000000000142e+01	8.700000000000000000e+01	1.000000000000000000e+01	1.500000000000000000e+01
4.220000000000000284e+01	8.700000000000000000e+01	1.000000000000000000e+01	1.500000000000000000e+01
4.139999999999999858e+01	8.700000000000000000e+01	1.000000000000000000e+01	1.500000000000000000e+01
4.289999999999999858e+01	8.700000000000000000e+01	1.000000000000000000e+01	1.500000000000000000e+01
4.310000000000000142e+01	8.700000000000000000e+01	1.000000000000000000e+01	1.500000000000000000e+01
3.100000000000000000e+01	8.700000000000000000e+01	1.000000000000000000e+01	1.500000000000000000e+01
1.519999999999999929e+01	1.730000000000000000e+02	8.000000000000000000e+00	2.300000000000000000e+01
7.599999999999999645e+00	1.640000000000000000e+02	1.000000000000000000e+01	2.200000000000000000e+01
3.799999999999999822e+00	0.000000000000000000e+00	0.000000000000000000e+00	8.000000000000000000e+00
8.699999999999999289e+00	1.730000000000000000e+02	8.000000000000000000e+00	2.300000000000000000e+01
3.700000000000000178e+00	0.000000000000000000e+00	0.000000000000000000e+00	8.000000000000000000e+00
4.639999999999999858e+01	8.700000000000000000e+01	1.000000000000000000e+01	1.500000000000000000e+01
4.339999999999999858e+01	8.700000000000000000e+01	1.000000000000000000e+01	1.500000000000000000e+01
3.080000000000000071e+01	5.100000000000000000e+01	7.000000000000000000e+00	1.200000000000000000e+01
3.130000000000000071e+01	5.100000000000000000e+01	7.000000000000000000e+00	1.200000000000000000e+01
3.920000000000000284e+01	8.700000000000000000e+01	1.000000000000000000e+01	1.500000000000000000e+01
2.169999999999999929e+01	1.650000000000000000e+02	0.000000000000000000e+00	2.300000000000000000e+01
4.210000000000000142e+01	8.700000000000000000e+01	1.000000000000000000e+01	1.500000000000000000e+01
4.100000000000000000e+01	8.700000000000000000e+01	1.000000000000000000e+01	1.500000000000000000e+01
4.010000000000000142e+01	8.700000000000000000e+01	1.000000000000000000e+01	1.500000000000000000e+01
4.270000000000000284e+01	8.700000000000000000e+01	1.000000000000000000e+01	1.500000000000000000e+01
3.750000000000000000e+01	8.700000000000000000e+01	1.000000000000000000e+01	1.500000000000000000e+01
4.220000000000000284e+01	8.700000000000000000e+01	1.000000000000000000e+01	1.500000000000000000e+01
4.420000000000000284e+01	8.700000000000000000e+01	1.000000000000000000e+01	1.500000000000000000e+01
4.060000000000000142e+01	8.700000000000000000e+01	1.000000000000000000e+01	1.500000000000000000e+01
4.020000000000000284e+01	8.700000000000000000e+01	1.000000000000000000e+01	1.500000000000000000e+01
4.070000000000000284e+01	8.700000000000000000e+01	1.000000000000000000e+01	1.500000000000000000e+01
4.060000000000000142e+01	8.700000000000000000e+01	1.000000000000000000e+01	1.500000000000000000e+01
8.199999999999999289e+00	1.730000000000000000e+02	8.000000000000000000e+00	2.300000000000000000e+01
3.700000000000000000e+01	8.700000000000000000e+01	1.000000000000000000e+01	1.500000000000000000e+01
4.010000000000000142e+01	8.700000000000000000e+01	1.000000000000000000e+01	1.500000000000000000e+01
3.799999999999999822e+00	1.740000000000000000e+02	9.000000000000000000e+00	2.300000000000000000e+01
3.639999999999999858e+01	8.700000000000000000e+01	1.000000000000000000e+01	1.500000000000000000e+01
4.110000000000000142e+01	8.700000000000000000e+01	1.000000000000000000e+01	1.500000000000000000e+01
3.950000000000000000e+01	8.700000000000000000e+01	1.000000000000000000e+01	1.500000000000000000e+01
4.050000000000000000e+01	8.700000000000000000e+01	1.000000000000000000e+01	1.500000000000000000e+01
4.010000000000000142e+01	8.700000000000000000e+01	1.000000000000000000e+01	1.500000000000000000e+01
4.079999999999999716e+01	8.700000000000000000e+01	1.000000000000000000e+01	1.500000000000000000e+01
3.729999999999999716e+01	7.500000000000000000e+01	9.000000000000000000e+00	1.400000000000000000e+01
4.210000000000000142e+01	8.700000000000000000e+01	1.000000000000000000e+01	1.500000000000000000e+01
3.760000000000000142e+01	7.500000000000000000e+01	9.000000000000000000e+00	1.400000000000000000e+01
4.220000000000000284e+01	8.700000000000000000e+01	1.000000000000000000e+01	1.500000000000000000e+01
4.150000000000000000e+01	8.700000000000000000e+01	1.000000000000000000e+01	1.500000000000000000e+01
4.320000000000000284e+01	8.700000000000000000e+01	1.000000000000000000e+01	1.500000000000000000e+01
4.289999999999999858e+01	8.700000000000000000e+01	1.000000000000000000e+01	1.500000000000000000e+01
4.260000000000000142e+01	8.700000000000000000e+01	1.000000000000000000e+01	1.500000000000000000e+01
4.239999999999999858e+01	8.700000000000000000e+01	1.000000000000000000e+01	1.500000000000000000e+01
4.260000000000000142e+01	8.700000000000000000e+01	1.000000000000000000e+01	1.500000000000000000e+01
4.229999999999999716e+01	8.700000000000000000e+01	1.000000000000000000e+01	1.500000000000000000e+01
4.210000000000000142e+01	8.700000000000000000e+01	1.000000000000000000e+01	1.500000000000000000e+01
4.189999999999999858e+01	8.700000000000000000e+01	1.000000000000000000e+01	1.500000000000000000e+01
3.900000000000000000e+01	8.700000000000000000e+01	1.000000000000000000e+01	1.500000000000000000e+01
3.750000000000000000e+01	8.700000000000000000e+01	1.000000000000000000e+01	1.500000000000000000e+01
3.650000000000000000e+01	8.700000000000000000e+01	1.000000000000000000e+01	1.500000000000000000e+01
3.119999999999999929e+01	1.400000000000000000e+01	3.000000000000000000e+00	9.000000000000000000e+00
4.079999999999999716e+01	8.700000000000000000e+01	1.000000000000000000e+01	1.500000000000000000e+01
3.920000000000000284e+01	8.700000000000000000e+01	1.000000000000000000e+01	1.500000000000000000e+01
3.019999999999999929e+01	1.400000000000000000e+01	3.000000000000000000e+00	9.000000000000000000e+00
2.980000000000000071e+01	1.400000000000000000e+01	3.000000000000000000e+00	9.000000000000000000e+00
1.169999999999999929e+01	1.650000000000000000e+02	0.000000000000000000e+00	2.300000000000000000e+01
3.870000000000000284e+01	6.300000000000000000e+01	8.000000000000000000e+00	1.300000000000000000e+01
3.080000000000000071e+01	6.300000000000000000e+01	8.000000000000000000e+00	1.300000000000000000e+01
2.919999999999999929e+01	6.300000000000000000e+01	8.000000000000000000e+00	1.300000000000000000e+01
1.400000000000000000e+01	1.650000000000000000e+02	0.000000000000000000e+00	2.300000000000000000e+01
1.290000000000000036e+01	1.650000000000000000e+02	0.000000000000000000e+00	2.300000000000000000e+01
1.669999999999999929e+01	1.650000000000000000e+02	0.000000000000000000e+00	2.300000000000000000e+01
2.950000000000000000e+01	7.500000000000000000e+01	9.000000000000000000e+00	1.400000000000000000e+01
1.130000000000000071e+01	1.650000000000000000e+02	0.000000000000000000e+00	2.300000000000000000e+01
9.699999999999999289e+00	1.650000000000000000e+02	0.000000000000000000e+00	2.300000000000000000e+01
1.450000000000000000e+01	1.650000000000000000e+02	0.000000000000000000e+00	2.300000000000000000e+01
1.550000000000000000e+01	1.650000000000000000e+02	0.000000000000000000e+00	2.300000000000000000e+01
1.419999999999999929e+01	1.650000000000000000e+02	0.000000000000000000e+00	2.300000000000000000e+01
1.630000000000000071e+01	1.650000000000000000e+02	0.000000000000000000e+00	2.300000000000000000e+01
1.469999999999999929e+01	1.650000000000000000e+02	0.000000000000000000e+00	2.300000000000000000e+01
1.969999999999999929e+01	1.650000000000000000e+02	0.000000000000000000e+00	2.300000000000000000e+01
1.880000000000000071e+01	1.650000000000000000e+02	0.000000000000000000e+00	2.300000000000000000e+01
2.160000000000000142e+01	1.650000000000000000e+02	0.000000000000000000e+00	2.300000000000000000e+01
1.610000000000000142e+01	1.650000000000000000e+02	0.000000000000000000e+00	2.300000000000000000e+01
1.760000000000000142e+01	1.650000000000000000e+02	0.000000000000000000e+00	2.300000000000000000e+01
1.660000000000000142e+01	1.650000000000000000e+02	0.000000000000000000e+00	2.300000000000000000e+01
1.950000000000000000e+01	1.650000000000000000e+02	0.000000000000000000e+00	2.300000000000000000e+01
2.039999999999999858e+01	1.650000000000000000e+02	0.000000000000000000e+00	2.300000000000000000e+01
3.970000000000000284e+01	8.700000000000000000e+01	1.000000000000000000e+01	1.500000000000000000e+01
1.980000000000000071e+01	1.650000000000000000e+02	0.000000000000000000e+00	2.300000000000000000e+01
2.130000000000000071e+01	1.650000000000000000e+02	0.000000000000000000e+00	2.300000000000000000e+01
1.950000000000000000e+01	1.650000000000000000e+02	0.000000000000000000e+00	2.300000000000000000e+01
2.130000000000000071e+01	1.650000000000000000e+02	0.000000000000000000e+00	2.300000000000000000e+01
2.219999999999999929e+01	1.650000000000000000e+02	0.000000000000000000e+00	2.300000000000000000e+01
2.269999999999999929e+01	1.650000000000000000e+02	0.000000000000000000e+00	2.300000000000000000e+01
3.600000000000000000e+01	5.100000000000000000e+01	7.000000000000000000e+00	1.200000000000000000e+01
3.570000000000000284e+01	1.400000000000000000e+01	3.000000000000000000e+00	9.000000000000000000e+00
9.400000000000000355e+00	9.900000000000000000e+01	0.000000000000000000e+00	1.700000000000000000e+01
2.330000000000000071e+01	1.650000000000000000e+02	0.000000000000000000e+00	2.300000000000000000e+01
2.310000000000000142e+01	1.650000000000000000e+02	0.000000000000000000e+00	2.300000000000000000e+01
2.100000000000000000e+01	1.650000000000000000e+02	0.000000000000000000e+00	2.300000000000000000e+01
2.050000000000000000e+01	1.650000000000000000e+02	0.000000000000000000e+00	2.300000000000000000e+01
2.110000000000000142e+01	1.650000000000000000e+02	0.000000000000000000e+00	2.300000000000000000e+01
3.900000000000000000e+01	7.500000000000000000e+01	9.000000000000000000e+00	1.400000000000000000e+01
3.570000000000000284e+01	8.700000000000000000e+01	1.000000000000000000e+01	1.500000000000000000e+01
3.410000000000000142e+01	8.700000000000000000e+01	1.000000000000000000e+01	1.500000000000000000e+01
1.190000000000000036e+01	1.650000000000000000e+02	0.000000000000000000e+00	2.300000000000000000e+01
1.090000000000000036e+01	1.650000000000000000e+02	0.000000000000000000e+00	2.300000000000000000e+01
1.469999999999999929e+01	1.650000000000000000e+02	0.000000000000000000e+00	2.300000000000000000e+01
2.339999999999999858e+01	1.650000000000000000e+02	0.000000000000000000e+00	2.300000000000000000e+01
1.980000000000000071e+01	1.650000000000000000e+02	0.000000000000000000e+00	2.300000000000000000e+01
1.040000000000000036e+01	1.540000000000000000e+02	0.000000000000000000e+00	2.200000000000000000e+01
1.219999999999999929e+01	1.650000000000000000e+02	0.000000000000000000e+00	2.300000000000000000e+01
1.040000000000000036e+01	1.650000000000000000e+02	0.000000000000000000e+00	2.300000000000000000e+01
1.800000000000000000e+01	1.650000000000000000e+02	0.000000000000000000e+00	2.300000000000000000e+01
1.030000000000000071e+01	1.650000000000000000e+02	0.000000000000000000e+00	2.300000000000000000e+01
1.540000000000000036e+01	1.650000000000000000e+02	0.000000000000000000e+00	2.300000000000000000e+01
1.650000000000000000e+01	1.650000000000000000e+02	0.000000000000000000e+00	2.300000000000000000e+01
2.010000000000000142e+01	1.650000000000000000e+02	0.000000000000000000e+00	2.300000000000000000e+01
2.130000000000000071e+01	1.650000000000000000e+02	0.000000000000000000e+00	2.300000000000000000e+01
2.189999999999999858e+01	1.650000000000000000e+02	0.000000000000000000e+00	2.300000000000000000e+01
2.310000000000000142e+01	1.650000000000000000e+02	0.000000000000000000e+00	2.300000000000000000e+01
3.189999999999999858e+01	8.700000000000000000e+01	1.000000000000000000e+01	1.500000000000000000e+01
3.229999999999999716e+01	8.700000000000000000e+01	1.000000000000000000e+01	1.500000000000000000e+01
2.210000000000000142e+01	1.650000000000000000e+02	0.000000000000000000e+00	2.300000000000000000e+01
3.970000000000000284e+01	8.700000000000000000e+01	1.000000000000000000e+01	1.500000000000000000e+01
4.220000000000000284e+01	8.700000000000000000e+01	1.000000000000000000e+01	1.500000000000000000e+01
