1.000000000000000000e+00	1.670000000000000000e+02	1.100000000000000000e+01	2.000000000000000000e+01
4.000000000000000222e-01	1.800000000000000000e+02	1.100000000000000000e+01	2.100000000000000000e+01
6.999999999999999556e-01	1.540000000000000000e+02	1.100000000000000000e+01	1.900000000000000000e+01
1.300000000000000044e+00	1.810000000000000000e+02	1.200000000000000000e+01	2.100000000000000000e+01
4.400000000000000355e+00	0.000000000000000000e+00	0.000000000000000000e+00	8.000000000000000000e+00
3.100000000000000089e+00	1.010000000000000000e+02	1.000000000000000000e+01	1.500000000000000000e+01
8.000000000000000444e-01	1.930000000000000000e+02	1.100000000000000000e+01	2.200000000000000000e+01
1.199999999999999956e+00	1.930000000000000000e+02	1.100000000000000000e+01	2.200000000000000000e+01
6.999999999999999556e-01	1.930000000000000000e+02	1.100000000000000000e+01	2.200000000000000000e+01
4.000000000000000222e-01	7.200000000000000000e+01	7.000000000000000000e+00	1.300000000000000000e+01
5.000000000000000000e-01	1.410000000000000000e+02	1.100000000000000000e+01	1.800000000000000000e+01
1.000000000000000056e-01	1.270000000000000000e+02	1.000000000000000000e+01	1.700000000000000000e+01
6.999999999999999556e-01	1.800000000000000000e+02	1.100000000000000000e+01	2.100000000000000000e+01
4.000000000000000222e-01	1.790000000000000000e+02	1.000000000000000000e+01	2.100000000000000000e+01
2.000000000000000111e-01	1.660000000000000000e+02	1.000000000000000000e+01	2.000000000000000000e+01
0.000000000000000000e+00	0.000000000000000000e+00	0.000000000000000000e+00	8.000000000000000000e+00
2.999999999999999889e-01	1.650000000000000000e+02	9.000000000000000000e+00	2.000000000000000000e+01
0.000000000000000000e+00	0.000000000000000000e+00	0.000000000000000000e+00	8.000000000000000000e+00
1.600000000000000089e+00	1.800000000000000000e+02	1.100000000000000000e+01	2.100000000000000000e+01
8.000000000000000444e-01	1.800000000000000000e+02	1.100000000000000000e+01	2.100000000000000000e+01
1.100000000000000089e+00	1.400000000000000000e+02	1.000000000000000000e+01	1.800000000000000000e+01
1.000000000000000056e-01	1.670000000000000000e+02	1.100000000000000000e+01	2.000000000000000000e+01
0.000000000000000000e+00	0.000000000000000000e+00	0.000000000000000000e+00	8.000000000000000000e+00
6.999999999999999556e-01	1.260000000000000000e+02	9.000000000000000000e+00	1.700000000000000000e+01
4.000000000000000222e-01	1.800000000000000000e+02	1.100000000000000000e+01	2.100000000000000000e+01
1.100000000000000089e+00	1.530000000000000000e+02	1.000000000000000000e+01	1.900000000000000000e+01
2.999999999999999889e-01	5.600000000000000000e+01	4.000000000000000000e+00	1.200000000000000000e+01
1.699999999999999956e+00	1.120000000000000000e+02	8.000000000000000000e+00	1.600000000000000000e+01
0.000000000000000000e+00	0.000000000000000000e+00	0.000000000000000000e+00	8.000000000000000000e+00
0.000000000000000000e+00	0.000000000000000000e+00	0.000000000000000000e+00	8.000000000000000000e+00
1.199999999999999956e+00	7.100000000000000000e+01	6.000000000000000000e+00	1.300000000000000000e+01
1.800000000000000044e+00	9.900000000000000000e+01	8.000000000000000000e+00	1.500000000000000000e+01
2.999999999999999889e-01	8.900000000000000000e+01	1.100000000000000000e+01	1.400000000000000000e+01
0.000000000000000000e+00	0.000000000000000000e+00	0.000000000000000000e+00	8.000000000000000000e+00
1.699999999999999956e+00	1.030000000000000000e+02	1.200000000000000000e+01	1.500000000000000000e+01
1.300000000000000044e+00	1.030000000000000000e+02	1.200000000000000000e+01	1.500000000000000000e+01
0.000000000000000000e+00	0.000000000000000000e+00	0.000000000000000000e+00	8.000000000000000000e+00
0.000000000000000000e+00	0.000000000000000000e+00	0.000000000000000000e+00	8.000000000000000000e+00
0.000000000000000000e+00	0.000000000000000000e+00	0.000000000000000000e+00	8.000000000000000000e+00
3.100000000000000089e+00	1.540000000000000000e+02	1.100000000000000000e+01	1.900000000000000000e+01
1.600000000000000089e+00	2.900000000000000000e+01	3.000000000000000000e+00	1.000000000000000000e+01
1.899999999999999911e+00	2.900000000000000000e+01	3.000000000000000000e+00	1.000000000000000000e+01
1.600000000000000089e+00	1.500000000000000000e+01	2.000000000000000000e+00	9.000000000000000000e+00
1.000000000000000000e+00	8.400000000000000000e+01	6.000000000000000000e+00	1.400000000000000000e+01
5.999999999999999778e-01	1.540000000000000000e+02	1.100000000000000000e+01	1.900000000000000000e+01
8.000000000000000444e-01	9.000000000000000000e+01	1.200000000000000000e+01	1.400000000000000000e+01
2.000000000000000111e-01	1.540000000000000000e+02	1.100000000000000000e+01	1.900000000000000000e+01
1.399999999999999911e+00	4.600000000000000000e+01	7.000000000000000000e+00	1.100000000000000000e+01
1.500000000000000000e+00	4.600000000000000000e+01	7.000000000000000000e+00	1.100000000000000000e+01
9.000000000000000222e-01	3.200000000000000000e+01	6.000000000000000000e+00	1.000000000000000000e+01
1.399999999999999911e+00	1.420000000000000000e+02	1.200000000000000000e+01	1.800000000000000000e+01
1.600000000000000089e+00	1.420000000000000000e+02	1.200000000000000000e+01	1.800000000000000000e+01
8.000000000000000444e-01	1.110000000000000000e+02	7.000000000000000000e+00	1.600000000000000000e+01
0.000000000000000000e+00	0.000000000000000000e+00	0.000000000000000000e+00	8.000000000000000000e+00
0.000000000000000000e+00	0.000000000000000000e+00	0.000000000000000000e+00	8.000000000000000000e+00
0.000000000000000000e+00	0.000000000000000000e+00	0.000000000000000000e+00	8.000000000000000000e+00
0.000000000000000000e+00	0.000000000000000000e+00	0.000000000000000000e+00	8.000000000000000000e+00
0.000000000000000000e+00	0.000000000000000000e+00	0.000000000000000000e+00	8.000000000000000000e+00
3.700000000000000178e+00	0.000000000000000000e+00	0.000000000000000000e+00	8.000000000000000000e+00
1.899999999999999911e+00	1.420000000000000000e+02	1.200000000000000000e+01	1.800000000000000000e+01
1.500000000000000000e+00	7.000000000000000000e+01	5.000000000000000000e+00	1.300000000000000000e+01
2.000000000000000000e+00	7.000000000000000000e+01	5.000000000000000000e+00	1.300000000000000000e+01
6.999999999999999556e-01	3.000000000000000000e+00	3.000000000000000000e+00	8.000000000000000000e+00
0.000000000000000000e+00	0.000000000000000000e+00	0.000000000000000000e+00	8.000000000000000000e+00
5.999999999999999778e-01	6.100000000000000000e+01	9.000000000000000000e+00	1.200000000000000000e+01
6.999999999999999556e-01	7.100000000000000000e+01	6.000000000000000000e+00	1.300000000000000000e+01
1.100000000000000089e+00	1.540000000000000000e+02	1.100000000000000000e+01	1.900000000000000000e+01
1.899999999999999911e+00	3.300000000000000000e+01	7.000000000000000000e+00	1.000000000000000000e+01
2.000000000000000111e-01	8.400000000000000000e+01	6.000000000000000000e+00	1.400000000000000000e+01
1.399999999999999911e+00	3.300000000000000000e+01	7.000000000000000000e+00	1.000000000000000000e+01
2.700000000000000178e+00	1.290000000000000000e+02	1.200000000000000000e+01	1.700000000000000000e+01
1.699999999999999956e+00	3.000000000000000000e+01	4.000000000000000000e+00	1.000000000000000000e+01
1.600000000000000089e+00	2.000000000000000000e+00	2.000000000000000000e+00	8.000000000000000000e+00
1.899999999999999911e+00	3.000000000000000000e+00	3.000000000000000000e+00	8.000000000000000000e+00
1.600000000000000089e+00	1.700000000000000000e+01	4.000000000000000000e+00	9.000000000000000000e+00
0.000000000000000000e+00	0.000000000000000000e+00	0.000000000000000000e+00	8.000000000000000000e+00
6.999999999999999556e-01	8.400000000000000000e+01	6.000000000000000000e+00	1.400000000000000000e+01
1.399999999999999911e+00	7.100000000000000000e+01	6.000000000000000000e+00	1.300000000000000000e+01
0.000000000000000000e+00	0.000000000000000000e+00	0.000000000000000000e+00	8.000000000000000000e+00
1.000000000000000056e-01	8.400000000000000000e+01	6.000000000000000000e+00	1.400000000000000000e+01
2.999999999999999889e-01	1.410000000000000000e+02	1.100000000000000000e+01	1.800000000000000000e+01
0.000000000000000000e+00	0.000000000000000000e+00	0.000000000000000000e+00	8.000000000000000000e+00
0.000000000000000000e+00	0.000000000000000000e+00	0.000000000000000000e+00	8.000000000000000000e+00
0.000000000000000000e+00	0.000000000000000000e+00	0.000000000000000000e+00	8.000000000000000000e+00
0.000000000000000000e+00	0.000000000000000000e+00	0.000000000000000000e+00	8.000000000000000000e+00
9.000000000000000222e-01	5.600000000000000000e+01	4.000000000000000000e+00	1.200000000000000000e+01
6.999999999999999556e-01	1.540000000000000000e+02	1.100000000000000000e+01	1.900000000000000000e+01
1.300000000000000044e+00	5.600000000000000000e+01	4.000000000000000000e+00	1.200000000000000000e+01
9.000000000000000222e-01	1.420000000000000000e+02	1.200000000000000000e+01	1.800000000000000000e+01
1.899999999999999911e+00	1.420000000000000000e+02	1.200000000000000000e+01	1.800000000000000000e+01
1.600000000000000089e+00	1.290000000000000000e+02	1.200000000000000000e+01	1.700000000000000000e+01
1.399999999999999911e+00	1.420000000000000000e+02	1.200000000000000000e+01	1.800000000000000000e+01
1.199999999999999956e+00	1.420000000000000000e+02	1.200000000000000000e+01	1.800000000000000000e+01
1.000000000000000000e+00	1.420000000000000000e+02	1.200000000000000000e+01	1.800000000000000000e+01
9.000000000000000222e-01	1.420000000000000000e+02	1.200000000000000000e+01	1.800000000000000000e+01
9.000000000000000222e-01	1.420000000000000000e+02	1.200000000000000000e+01	1.800000000000000000e+01
8.000000000000000444e-01	1.420000000000000000e+02	1.200000000000000000e+01	1.800000000000000000e+01
5.999999999999999778e-01	1.420000000000000000e+02	1.200000000000000000e+01	1.800000000000000000e+01
1.500000000000000000e+00	1.000000000000000000e+00	1.000000000000000000e+00	8.000000000000000000e+00
6.999999999999999556e-01	1.000000000000000000e+00	1.000000000000000000e+00	8.000000000000000000e+00
6.999999999999999556e-01	1.000000000000000000e+00	1.000000000000000000e+00	8.000000000000000000e+00
1.100000000000000089e+00	0.000000000000000000e+00	0.000000000000000000e+00	8.000000000000000000e+00
1.699999999999999956e+00	4.000000000000000000e+00	4.000000000000000000e+00	8.000000000000000000e+00
5.000000000000000000e-01	3.000000000000000000e+00	3.000000000000000000e+00	8.000000000000000000e+00
1.600000000000000089e+00	4.100000000000000000e+01	2.000000000000000000e+00	1.100000000000000000e+01
1.800000000000000044e+00	1.300000000000000000e+01	0.000000000000000000e+00	9.000000000000000000e+00
6.999999999999999556e-01	2.600000000000000000e+01	0.000000000000000000e+00	1.000000000000000000e+01
1.300000000000000044e+00	3.200000000000000000e+01	6.000000000000000000e+00	1.000000000000000000e+01
1.100000000000000089e+00	4.200000000000000000e+01	3.000000000000000000e+00	1.100000000000000000e+01
1.000000000000000056e-01	4.200000000000000000e+01	3.000000000000000000e+00	1.100000000000000000e+01
0.000000000000000000e+00	0.000000000000000000e+00	0.000000000000000000e+00	8.000000000000000000e+00
1.000000000000000056e-01	5.300000000000000000e+01	1.000000000000000000e+00	1.200000000000000000e+01
0.000000000000000000e+00	0.000000000000000000e+00	0.000000000000000000e+00	8.000000000000000000e+00
0.000000000000000000e+00	0.000000000000000000e+00	0.000000000000000000e+00	8.000000000000000000e+00
0.000000000000000000e+00	0.000000000000000000e+00	0.000000000000000000e+00	8.000000000000000000e+00
0.000000000000000000e+00	0.000000000000000000e+00	0.000000000000000000e+00	8.000000000000000000e+00
0.000000000000000000e+00	0.000000000000000000e+00	0.000000000000000000e+00	8.000000000000000000e+00
0.000000000000000000e+00	0.000000000000000000e+00	0.000000000000000000e+00	8.000000000000000000e+00
0.000000000000000000e+00	0.000000000000000000e+00	0.000000000000000000e+00	8.000000000000000000e+00
0.000000000000000000e+00	0.000000000000000000e+00	0.000000000000000000e+00	8.000000000000000000e+00
0.000000000000000000e+00	0.000000000000000000e+00	0.000000000000000000e+00	8.000000000000000000e+00
0.000000000000000000e+00	0.000000000000000000e+00	0.000000000000000000e+00	8.000000000000000000e+00
0.000000000000000000e+00	0.000000000000000000e+00	0.000000000000000000e+00	8.000000000000000000e+00
0.000000000000000000e+00	0.000000000000000000e+00	0.000000000000000000e+00	8.000000000000000000e+00
0.000000000000000000e+00	0.000000000000000000e+00	0.000000000000000000e+00	8.000000000000000000e+00
0.000000000000000000e+00	0.000000000000000000e+00	0.000000000000000000e+00	8.000000000000000000e+00
0.000000000000000000e+00	0.000000000000000000e+00	0.000000000000000000e+00	8.000000000000000000e+00
0.000000000000000000e+00	0.000000000000000000e+00	0.000000000000000000e+00	8.000000000000000000e+00
0.000000000000000000e+00	0.000000000000000000e+00	0.000000000000000000e+00	8.000000000000000000e+00
1.300000000000000044e+00	3.000000000000000000e+00	3.000000000000000000e+00	8.000000000000000000e+00
0.000000000000000000e+00	0.000000000000000000e+00	0.000000000000000000e+00	8.000000000000000000e+00
0.000000000000000000e+00	0.000000000000000000e+00	0.000000000000000000e+00	8.000000000000000000e+00
0.000000000000000000e+00	0.000000000000000000e+00	0.000000000000000000e+00	8.000000000000000000e+00
0.000000000000000000e+00	0.000000000000000000e+00	0.000000000000000000e+00	8.000000000000000000e+00
0.000000000000000000e+00	0.000000000000000000e+00	0.000000000000000000e+00	8.000000000000000000e+00
0.000000000000000000e+00	0.000000000000000000e+00	0.000000000000000000e+00	8.000000000000000000e+00
1.300000000000000044e+00	4.200000000000000000e+01	3.000000000000000000e+00	1.100000000000000000e+01
1.500000000000000000e+00	0.000000000000000000e+00	0.000000000000000000e+00	8.000000000000000000e+00
1.399999999999999911e+00	5.500000000000000000e+01	3.000000000000000000e+00	1.200000000000000000e+01
0.000000000000000000e+00	0.000000000000000000e+00	0.000000000000000000e+00	8.000000000000000000e+00
0.000000000000000000e+00	0.000000000000000000e+00	0.000000000000000000e+00	8.000000000000000000e+00
0.000000000000000000e+00	0.000000000000000000e+00	0.000000000000000000e+00	8.000000000000000000e+00
0.000000000000000000e+00	0.000000000000000000e+00	0.000000000000000000e+00	8.000000000000000000e+00
0.000000000000000000e+00	0.000000000000000000e+00	0.000000000000000000e+00	8.000000000000000000e+00
1.199999999999999956e+00	1.800000000000000000e+01	5.000000000000000000e+00	9.000000000000000000e+00
6.999999999999999556e-01	5.600000000000000000e+01	4.000000000000000000e+00	1.200000000000000000e+01
0.000000000000000000e+00	0.000000000000000000e+00	0.000000000000000000e+00	8.000000000000000000e+00
0.000000000000000000e+00	0.000000000000000000e+00	0.000000000000000000e+00	8.000000000000000000e+00
0.000000000000000000e+00	0.000000000000000000e+00	0.000000000000000000e+00	8.000000000000000000e+00
0.000000000000000000e+00	0.000000000000000000e+00	0.000000000000000000e+00	8.000000000000000000e+00
0.000000000000000000e+00	0.000000000000000000e+00	0.000000000000000000e+00	8.000000000000000000e+00
0.000000000000000000e+00	0.000000000000000000e+00	0.000000000000000000e+00	8.000000000000000000e+00
0.000000000000000000e+00	0.000000000000000000e+00	0.000000000000000000e+00	8.000000000000000000e+00
0.000000000000000000e+00	0.000000000000000000e+00	0.000000000000000000e+00	8.000000000000000000e+00
0.000000000000000000e+00	0.000000000000000000e+00	0.000000000000000000e+00	8.000000000000000000e+00
0.000000000000000000e+00	0.000000000000000000e+00	0.000000000000000000e+00	8.000000000000000000e+00
0.000000000000000000e+00	0.000000000000000000e+00	0.000000000000000000e+00	8.000000000000000000e+00
0.000000000000000000e+00	0.000000000000000000e+00	0.000000000000000000e+00	8.000000000000000000e+00
0.000000000000000000e+00	0.000000000000000000e+00	0.000000000000000000e+00	8.000000000000000000e+00
0.000000000000000000e+00	0.000000000000000000e+00	0.000000000000000000e+00	8.000000000000000000e+00
0.000000000000000000e+00	0.000000000000000000e+00	0.000000000000000000e+00	8.000000000000000000e+00
0.000000000000000000e+00	0.000000000000000000e+00	0.000000000000000000e+00	8.000000000000000000e+00
0.000000000000000000e+00	0.000000000000000000e+00	0.000000000000000000e+00	8.000000000000000000e+00
2.999999999999999889e-01	1.400000000000000000e+02	1.000000000000000000e+01	1.800000000000000000e+01
5.999999999999999778e-01	1.400000000000000000e+02	1.000000000000000000e+01	1.800000000000000000e+01
1.100000000000000089e+00	1.920000000000000000e+02	1.000000000000000000e+01	2.200000000000000000e+01
9.000000000000000222e-01	1.530000000000000000e+02	1.000000000000000000e+01	1.900000000000000000e+01
2.999999999999999889e-01	8.900000000000000000e+01	1.100000000000000000e+01	1.400000000000000000e+01
