3.610000000000000142e+01	2.700000000000000000e+01	6.000000000000000000e+00	1.100000000000000000e+01
3.189999999999999858e+01	2.700000000000000000e+01	6.000000000000000000e+00	1.100000000000000000e+01
3.900000000000000000e+01	2.700000000000000000e+01	6.000000000000000000e+00	1.100000000000000000e+01
3.700000000000000178e+00	2.000000000000000000e+00	2.000000000000000000e+00	8.000000000000000000e+00
4.300000000000000000e+01	2.700000000000000000e+01	6.000000000000000000e+00	1.100000000000000000e+01
4.100000000000000000e+01	2.700000000000000000e+01	6.000000000000000000e+00	1.100000000000000000e+01
3.700000000000000178e+00	2.000000000000000000e+00	2.000000000000000000e+00	8.000000000000000000e+00
3.700000000000000178e+00	2.000000000000000000e+00	2.000000000000000000e+00	8.000000000000000000e+00
3.700000000000000178e+00	2.000000000000000000e+00	2.000000000000000000e+00	8.000000000000000000e+00
3.850000000000000000e+01	2.700000000000000000e+01	6.000000000000000000e+00	1.100000000000000000e+01
3.620000000000000284e+01	2.700000000000000000e+01	6.000000000000000000e+00	1.100000000000000000e+01
3.810000000000000142e+01	2.700000000000000000e+01	6.000000000000000000e+00	1.100000000000000000e+01
1.240000000000000036e+01	3.500000000000000000e+01	0.000000000000000000e+00	1.300000000000000000e+01
3.700000000000000178e+00	2.000000000000000000e+00	2.000000000000000000e+00	8.000000000000000000e+00
1.050000000000000000e+01	6.300000000000000000e+01	0.000000000000000000e+00	0.000000000000000000e+00
3.700000000000000178e+00	2.000000000000000000e+00	2.000000000000000000e+00	8.000000000000000000e+00
8.699999999999999289e+00	6.300000000000000000e+01	0.000000000000000000e+00	0.000000000000000000e+00
3.810000000000000142e+01	2.700000000000000000e+01	6.000000000000000000e+00	1.100000000000000000e+01
1.180000000000000071e+01	3.500000000000000000e+01	0.000000000000000000e+00	1.300000000000000000e+01
3.700000000000000178e+00	2.000000000000000000e+00	2.000000000000000000e+00	8.000000000000000000e+00
2.819999999999999929e+01	2.700000000000000000e+01	6.000000000000000000e+00	1.100000000000000000e+01
3.800000000000000000e+01	2.700000000000000000e+01	6.000000000000000000e+00	1.100000000000000000e+01
3.700000000000000178e+00	2.000000000000000000e+00	2.000000000000000000e+00	8.000000000000000000e+00
3.019999999999999929e+01	2.700000000000000000e+01	6.000000000000000000e+00	1.100000000000000000e+01
3.439999999999999858e+01	2.700000000000000000e+01	6.000000000000000000e+00	1.100000000000000000e+01
3.529999999999999716e+01	2.700000000000000000e+01	6.000000000000000000e+00	1.100000000000000000e+01
3.360000000000000142e+01	2.700000000000000000e+01	6.000000000000000000e+00	1.100000000000000000e+01
3.470000000000000284e+01	2.700000000000000000e+01	6.000000000000000000e+00	1.100000000000000000e+01
3.700000000000000178e+00	2.000000000000000000e+00	2.000000000000000000e+00	8.000000000000000000e+00
2.810000000000000142e+01	2.700000000000000000e+01	6.000000000000000000e+00	1.100000000000000000e+01
3.829999999999999716e+01	2.700000000000000000e+01	6.000000000000000000e+00	1.100000000000000000e+01
3.900000000000000000e+01	2.700000000000000000e+01	6.000000000000000000e+00	1.100000000000000000e+01
3.750000000000000000e+01	2.700000000000000000e+01	6.000000000000000000e+00	1.100000000000000000e+01
3.710000000000000142e+01	2.700000000000000000e+01	6.000000000000000000e+00	1.100000000000000000e+01
3.889999999999999858e+01	2.700000000000000000e+01	6.000000000000000000e+00	1.100000000000000000e+01
3.850000000000000000e+01	2.700000000000000000e+01	6.000000000000000000e+00	1.100000000000000000e+01
2.669999999999999929e+01	2.700000000000000000e+01	6.000000000000000000e+00	1.100000000000000000e+01
3.700000000000000178e+00	2.000000000000000000e+00	2.000000000000000000e+00	8.000000000000000000e+00
3.700000000000000178e+00	2.000000000000000000e+00	2.000000000000000000e+00	8.000000000000000000e+00
4.060000000000000142e+01	2.700000000000000000e+01	6.000000000000000000e+00	1.100000000000000000e+01
3.779999999999999716e+01	2.700000000000000000e+01	6.000000000000000000e+00	1.100000000000000000e+01
3.789999999999999858e+01	2.700000000000000000e+01	6.000000000000000000e+00	1.100000000000000000e+01
3.739999999999999858e+01	2.700000000000000000e+01	6.000000000000000000e+00	1.100000000000000000e+01
3.010000000000000142e+01	2.700000000000000000e+01	6.000000000000000000e+00	1.100000000000000000e+01
3.600000000000000000e+01	2.700000000000000000e+01	6.000000000000000000e+00	1.100000000000000000e+01
3.710000000000000142e+01	2.700000000000000000e+01	6.000000000000000000e+00	1.100000000000000000e+01
3.529999999999999716e+01	2.700000000000000000e+01	6.000000000000000000e+00	1.100000000000000000e+01
3.910000000000000142e+01	2.700000000000000000e+01	6.000000000000000000e+00	1.100000000000000000e+01
3.920000000000000284e+01	2.700000000000000000e+01	6.000000000000000000e+00	1.100000000000000000e+01
3.850000000000000000e+01	2.700000000000000000e+01	6.000000000000000000e+00	1.100000000000000000e+01
3.889999999999999858e+01	2.700000000000000000e+01	6.000000000000000000e+00	1.100000000000000000e+01
3.910000000000000142e+01	2.700000000000000000e+01	6.000000000000000000e+00	1.100000000000000000e+01
2.869999999999999929e+01	2.700000000000000000e+01	6.000000000000000000e+00	1.100000000000000000e+01
3.700000000000000178e+00	2.000000000000000000e+00	2.000000000000000000e+00	8.000000000000000000e+00
3.700000000000000178e+00	2.000000000000000000e+00	2.000000000000000000e+00	8.000000000000000000e+00
3.799999999999999822e+00	0.000000000000000000e+00	0.000000000000000000e+00	8.000000000000000000e+00
3.700000000000000178e+00	2.000000000000000000e+00	2.000000000000000000e+00	8.000000000000000000e+00
3.700000000000000178e+00	0.000000000000000000e+00	0.000000000000000000e+00	8.000000000000000000e+00
4.239999999999999858e+01	2.700000000000000000e+01	6.000000000000000000e+00	1.100000000000000000e+01
3.939999999999999858e+01	2.700000000000000000e+01	6.000000000000000000e+00	1.100000000000000000e+01
3.030000000000000071e+01	2.700000000000000000e+01	6.000000000000000000e+00	1.100000000000000000e+01
3.080000000000000071e+01	2.700000000000000000e+01	6.000000000000000000e+00	1.100000000000000000e+01
3.670000000000000284e+01	2.700000000000000000e+01	6.000000000000000000e+00	1.100000000000000000e+01
3.700000000000000178e+00	2.000000000000000000e+00	2.000000000000000000e+00	8.000000000000000000e+00
3.750000000000000000e+01	2.700000000000000000e+01	6.000000000000000000e+00	1.100000000000000000e+01
3.800000000000000000e+01	2.700000000000000000e+01	6.000000000000000000e+00	1.100000000000000000e+01
3.610000000000000142e+01	2.700000000000000000e+01	6.000000000000000000e+00	1.100000000000000000e+01
3.929999999999999716e+01	2.700000000000000000e+01	6.000000000000000000e+00	1.100000000000000000e+01
3.560000000000000142e+01	2.700000000000000000e+01	6.000000000000000000e+00	1.100000000000000000e+01
3.879999999999999716e+01	2.700000000000000000e+01	6.000000000000000000e+00	1.100000000000000000e+01
3.979999999999999716e+01	2.700000000000000000e+01	6.000000000000000000e+00	1.100000000000000000e+01
3.879999999999999716e+01	2.700000000000000000e+01	6.000000000000000000e+00	1.100000000000000000e+01
3.770000000000000284e+01	2.700000000000000000e+01	6.000000000000000000e+00	1.100000000000000000e+01
3.820000000000000284e+01	2.700000000000000000e+01	6.000000000000000000e+00	1.100000000000000000e+01
3.810000000000000142e+01	2.700000000000000000e+01	6.000000000000000000e+00	1.100000000000000000e+01
3.700000000000000178e+00	2.000000000000000000e+00	2.000000000000000000e+00	8.000000000000000000e+00
3.579999999999999716e+01	2.700000000000000000e+01	6.000000000000000000e+00	1.100000000000000000e+01
3.839999999999999858e+01	2.700000000000000000e+01	6.000000000000000000e+00	1.100000000000000000e+01
3.700000000000000178e+00	2.000000000000000000e+00	2.000000000000000000e+00	8.000000000000000000e+00
3.520000000000000284e+01	2.700000000000000000e+01	6.000000000000000000e+00	1.100000000000000000e+01
3.539999999999999858e+01	2.700000000000000000e+01	6.000000000000000000e+00	1.100000000000000000e+01
3.439999999999999858e+01	2.700000000000000000e+01	6.000000000000000000e+00	1.100000000000000000e+01
3.539999999999999858e+01	2.700000000000000000e+01	6.000000000000000000e+00	1.100000000000000000e+01
3.510000000000000142e+01	2.700000000000000000e+01	6.000000000000000000e+00	1.100000000000000000e+01
3.560000000000000142e+01	2.700000000000000000e+01	6.000000000000000000e+00	1.100000000000000000e+01
3.670000000000000284e+01	2.700000000000000000e+01	6.000000000000000000e+00	1.100000000000000000e+01
3.789999999999999858e+01	2.700000000000000000e+01	6.000000000000000000e+00	1.100000000000000000e+01
3.700000000000000000e+01	2.700000000000000000e+01	6.000000000000000000e+00	1.100000000000000000e+01
3.800000000000000000e+01	2.700000000000000000e+01	6.000000000000000000e+00	1.100000000000000000e+01
3.710000000000000142e+01	2.700000000000000000e+01	6.000000000000000000e+00	1.100000000000000000e+01
3.889999999999999858e+01	2.700000000000000000e+01	6.000000000000000000e+00	1.100000000000000000e+01
3.860000000000000142e+01	2.700000000000000000e+01	6.000000000000000000e+00	1.100000000000000000e+01
3.839999999999999858e+01	2.700000000000000000e+01	6.000000000000000000e+00	1.100000000000000000e+01
3.820000000000000284e+01	2.700000000000000000e+01	6.000000000000000000e+00	1.100000000000000000e+01
3.829999999999999716e+01	2.700000000000000000e+01	6.000000000000000000e+00	1.100000000000000000e+01
3.800000000000000000e+01	2.700000000000000000e+01	6.000000000000000000e+00	1.100000000000000000e+01
3.779999999999999716e+01	2.700000000000000000e+01	6.000000000000000000e+00	1.100000000000000000e+01
3.770000000000000284e+01	2.700000000000000000e+01	6.000000000000000000e+00	1.100000000000000000e+01
3.620000000000000284e+01	1.000000000000000000e+01	3.000000000000000000e+00	9.000000000000000000e+00
3.579999999999999716e+01	1.000000000000000000e+01	3.000000000000000000e+00	9.000000000000000000e+00
3.500000000000000000e+01	2.000000000000000000e+00	2.000000000000000000e+00	8.000000000000000000e+00
3.110000000000000142e+01	1.000000000000000000e+01	3.000000000000000000e+00	9.000000000000000000e+00
3.779999999999999716e+01	2.700000000000000000e+01	6.000000000000000000e+00	1.100000000000000000e+01
3.620000000000000284e+01	2.700000000000000000e+01	6.000000000000000000e+00	1.100000000000000000e+01
3.010000000000000142e+01	1.000000000000000000e+01	3.000000000000000000e+00	9.000000000000000000e+00
2.969999999999999929e+01	1.000000000000000000e+01	3.000000000000000000e+00	9.000000000000000000e+00
3.700000000000000178e+00	2.000000000000000000e+00	2.000000000000000000e+00	8.000000000000000000e+00
3.820000000000000284e+01	2.700000000000000000e+01	6.000000000000000000e+00	1.100000000000000000e+01
3.030000000000000071e+01	2.700000000000000000e+01	6.000000000000000000e+00	1.100000000000000000e+01
2.889999999999999858e+01	2.700000000000000000e+01	6.000000000000000000e+00	1.100000000000000000e+01
3.700000000000000178e+00	2.000000000000000000e+00	2.000000000000000000e+00	8.000000000000000000e+00
3.700000000000000178e+00	2.000000000000000000e+00	2.000000000000000000e+00	8.000000000000000000e+00
3.700000000000000178e+00	2.000000000000000000e+00	2.000000000000000000e+00	8.000000000000000000e+00
2.780000000000000071e+01	2.700000000000000000e+01	6.000000000000000000e+00	1.100000000000000000e+01
3.700000000000000178e+00	2.000000000000000000e+00	2.000000000000000000e+00	8.000000000000000000e+00
3.700000000000000178e+00	2.000000000000000000e+00	2.000000000000000000e+00	8.000000000000000000e+00
3.700000000000000178e+00	2.000000000000000000e+00	2.000000000000000000e+00	8.000000000000000000e+00
3.700000000000000178e+00	2.000000000000000000e+00	2.000000000000000000e+00	8.000000000000000000e+00
3.700000000000000178e+00	2.000000000000000000e+00	2.000000000000000000e+00	8.000000000000000000e+00
3.700000000000000178e+00	2.000000000000000000e+00	2.000000000000000000e+00	8.000000000000000000e+00
3.700000000000000178e+00	2.000000000000000000e+00	2.000000000000000000e+00	8.000000000000000000e+00
3.700000000000000178e+00	2.000000000000000000e+00	2.000000000000000000e+00	8.000000000000000000e+00
3.700000000000000178e+00	2.000000000000000000e+00	2.000000000000000000e+00	8.000000000000000000e+00
3.700000000000000178e+00	2.000000000000000000e+00	2.000000000000000000e+00	8.000000000000000000e+00
3.700000000000000178e+00	2.000000000000000000e+00	2.000000000000000000e+00	8.000000000000000000e+00
3.700000000000000178e+00	2.000000000000000000e+00	2.000000000000000000e+00	8.000000000000000000e+00
3.700000000000000178e+00	2.000000000000000000e+00	2.000000000000000000e+00	8.000000000000000000e+00
3.700000000000000178e+00	2.000000000000000000e+00	2.000000000000000000e+00	8.000000000000000000e+00
3.700000000000000178e+00	2.000000000000000000e+00	2.000000000000000000e+00	8.000000000000000000e+00
3.679999999999999716e+01	2.700000000000000000e+01	6.000000000000000000e+00	1.100000000000000000e+01
3.700000000000000178e+00	2.000000000000000000e+00	2.000000000000000000e+00	8.000000000000000000e+00
3.700000000000000178e+00	2.000000000000000000e+00	2.000000000000000000e+00	8.000000000000000000e+00
3.700000000000000178e+00	2.000000000000000000e+00	2.000000000000000000e+00	8.000000000000000000e+00
3.700000000000000178e+00	2.000000000000000000e+00	2.000000000000000000e+00	8.000000000000000000e+00
3.700000000000000178e+00	2.000000000000000000e+00	2.000000000000000000e+00	8.000000000000000000e+00
3.700000000000000178e+00	2.000000000000000000e+00	2.000000000000000000e+00	8.000000000000000000e+00
3.579999999999999716e+01	2.700000000000000000e+01	6.000000000000000000e+00	1.100000000000000000e+01
3.560000000000000142e+01	1.000000000000000000e+01	3.000000000000000000e+00	9.000000000000000000e+00
9.400000000000000355e+00	3.500000000000000000e+01	0.000000000000000000e+00	1.300000000000000000e+01
3.700000000000000178e+00	2.000000000000000000e+00	2.000000000000000000e+00	8.000000000000000000e+00
3.700000000000000178e+00	2.000000000000000000e+00	2.000000000000000000e+00	8.000000000000000000e+00
3.700000000000000178e+00	2.000000000000000000e+00	2.000000000000000000e+00	8.000000000000000000e+00
3.700000000000000178e+00	2.000000000000000000e+00	2.000000000000000000e+00	8.000000000000000000e+00
3.700000000000000178e+00	2.000000000000000000e+00	2.000000000000000000e+00	8.000000000000000000e+00
3.860000000000000142e+01	2.700000000000000000e+01	6.000000000000000000e+00	1.100000000000000000e+01
3.539999999999999858e+01	2.700000000000000000e+01	6.000000000000000000e+00	1.100000000000000000e+01
3.379999999999999716e+01	2.700000000000000000e+01	6.000000000000000000e+00	1.100000000000000000e+01
3.700000000000000178e+00	2.000000000000000000e+00	2.000000000000000000e+00	8.000000000000000000e+00
3.700000000000000178e+00	2.000000000000000000e+00	2.000000000000000000e+00	8.000000000000000000e+00
3.700000000000000178e+00	2.000000000000000000e+00	2.000000000000000000e+00	8.000000000000000000e+00
3.700000000000000178e+00	2.000000000000000000e+00	2.000000000000000000e+00	8.000000000000000000e+00
3.700000000000000178e+00	2.000000000000000000e+00	2.000000000000000000e+00	8.000000000000000000e+00
5.900000000000000355e+00	6.300000000000000000e+01	0.000000000000000000e+00	0.000000000000000000e+00
3.700000000000000178e+00	2.000000000000000000e+00	2.000000000000000000e+00	8.000000000000000000e+00
3.700000000000000178e+00	2.000000000000000000e+00	2.000000000000000000e+00	8.000000000000000000e+00
3.700000000000000178e+00	2.000000000000000000e+00	2.000000000000000000e+00	8.000000000000000000e+00
3.700000000000000178e+00	2.000000000000000000e+00	2.000000000000000000e+00	8.000000000000000000e+00
3.700000000000000178e+00	2.000000000000000000e+00	2.000000000000000000e+00	8.000000000000000000e+00
3.700000000000000178e+00	2.000000000000000000e+00	2.000000000000000000e+00	8.000000000000000000e+00
3.700000000000000178e+00	2.000000000000000000e+00	2.000000000000000000e+00	8.000000000000000000e+00
3.700000000000000178e+00	2.000000000000000000e+00	2.000000000000000000e+00	8.000000000000000000e+00
3.700000000000000178e+00	2.000000000000000000e+00	2.000000000000000000e+00	8.000000000000000000e+00
3.700000000000000178e+00	2.000000000000000000e+00	2.000000000000000000e+00	8.000000000000000000e+00
2.760000000000000142e+01	2.700000000000000000e+01	6.000000000000000000e+00	1.100000000000000000e+01
2.800000000000000000e+01	2.700000000000000000e+01	6.000000000000000000e+00	1.100000000000000000e+01
3.700000000000000178e+00	2.000000000000000000e+00	2.000000000000000000e+00	8.000000000000000000e+00
3.529999999999999716e+01	2.700000000000000000e+01	6.000000000000000000e+00	1.100000000000000000e+01
3.750000000000000000e+01	2.700000000000000000e+01	6.000000000000000000e+00	1.100000000000000000e+01
