2.700000000000000178e+00	1.370000000000000000e+02	7.000000000000000000e+00	1.800000000000000000e+01
2.399999999999999911e+00	1.230000000000000000e+02	6.000000000000000000e+00	1.700000000000000000e+01
2.399999999999999911e+00	1.660000000000000000e+02	1.000000000000000000e+01	2.000000000000000000e+01
2.799999999999999822e+00	2.040000000000000000e+02	9.000000000000000000e+00	2.300000000000000000e+01
4.700000000000000178e+00	0.000000000000000000e+00	0.000000000000000000e+00	8.000000000000000000e+00
3.799999999999999822e+00	1.140000000000000000e+02	1.000000000000000000e+01	1.600000000000000000e+01
2.100000000000000089e+00	2.070000000000000000e+02	1.200000000000000000e+01	2.300000000000000000e+01
2.399999999999999911e+00	2.070000000000000000e+02	1.200000000000000000e+01	2.300000000000000000e+01
2.000000000000000000e+00	2.070000000000000000e+02	1.200000000000000000e+01	2.300000000000000000e+01
2.700000000000000178e+00	1.380000000000000000e+02	8.000000000000000000e+00	1.800000000000000000e+01
3.000000000000000000e+00	1.400000000000000000e+02	1.000000000000000000e+01	1.800000000000000000e+01
2.000000000000000000e+00	1.390000000000000000e+02	9.000000000000000000e+00	1.800000000000000000e+01
2.600000000000000089e+00	1.800000000000000000e+02	1.100000000000000000e+01	2.100000000000000000e+01
2.399999999999999911e+00	1.920000000000000000e+02	1.000000000000000000e+01	2.200000000000000000e+01
2.299999999999999822e+00	1.930000000000000000e+02	1.100000000000000000e+01	2.200000000000000000e+01
0.000000000000000000e+00	0.000000000000000000e+00	0.000000000000000000e+00	8.000000000000000000e+00
2.200000000000000178e+00	1.920000000000000000e+02	1.000000000000000000e+01	2.200000000000000000e+01
2.100000000000000089e+00	1.390000000000000000e+02	9.000000000000000000e+00	1.800000000000000000e+01
2.700000000000000178e+00	1.930000000000000000e+02	1.100000000000000000e+01	2.200000000000000000e+01
1.800000000000000044e+00	1.930000000000000000e+02	1.100000000000000000e+01	2.200000000000000000e+01
2.500000000000000000e+00	1.790000000000000000e+02	1.000000000000000000e+01	2.100000000000000000e+01
2.200000000000000178e+00	1.400000000000000000e+02	1.000000000000000000e+01	1.800000000000000000e+01
0.000000000000000000e+00	0.000000000000000000e+00	0.000000000000000000e+00	8.000000000000000000e+00
2.799999999999999822e+00	1.660000000000000000e+02	1.000000000000000000e+01	2.000000000000000000e+01
2.299999999999999822e+00	1.660000000000000000e+02	1.000000000000000000e+01	2.000000000000000000e+01
2.700000000000000178e+00	1.390000000000000000e+02	9.000000000000000000e+00	1.800000000000000000e+01
1.000000000000000000e+00	9.600000000000000000e+01	5.000000000000000000e+00	1.500000000000000000e+01
3.100000000000000089e+00	1.380000000000000000e+02	8.000000000000000000e+00	1.800000000000000000e+01
1.000000000000000056e-01	1.080000000000000000e+02	4.000000000000000000e+00	1.600000000000000000e+01
1.199999999999999956e+00	1.240000000000000000e+02	7.000000000000000000e+00	1.700000000000000000e+01
2.100000000000000089e+00	1.100000000000000000e+02	6.000000000000000000e+00	1.600000000000000000e+01
3.100000000000000089e+00	1.390000000000000000e+02	9.000000000000000000e+00	1.800000000000000000e+01
2.700000000000000178e+00	1.390000000000000000e+02	9.000000000000000000e+00	1.800000000000000000e+01
2.500000000000000000e+00	1.400000000000000000e+02	1.000000000000000000e+01	1.800000000000000000e+01
3.700000000000000178e+00	1.270000000000000000e+02	1.000000000000000000e+01	1.700000000000000000e+01
3.299999999999999822e+00	1.270000000000000000e+02	1.000000000000000000e+01	1.700000000000000000e+01
2.000000000000000111e-01	1.380000000000000000e+02	8.000000000000000000e+00	1.800000000000000000e+01
5.999999999999999778e-01	1.630000000000000000e+02	7.000000000000000000e+00	2.000000000000000000e+01
3.799999999999999822e+00	1.680000000000000000e+02	1.200000000000000000e+01	2.000000000000000000e+01
4.700000000000000178e+00	1.680000000000000000e+02	1.200000000000000000e+01	2.000000000000000000e+01
2.100000000000000089e+00	8.200000000000000000e+01	4.000000000000000000e+00	1.400000000000000000e+01
2.299999999999999822e+00	8.200000000000000000e+01	4.000000000000000000e+00	1.400000000000000000e+01
1.699999999999999956e+00	8.200000000000000000e+01	4.000000000000000000e+00	1.400000000000000000e+01
2.299999999999999822e+00	1.240000000000000000e+02	7.000000000000000000e+00	1.700000000000000000e+01
1.500000000000000000e+00	1.550000000000000000e+02	1.200000000000000000e+01	1.900000000000000000e+01
3.100000000000000089e+00	1.290000000000000000e+02	1.200000000000000000e+01	1.700000000000000000e+01
1.199999999999999956e+00	1.550000000000000000e+02	1.200000000000000000e+01	1.900000000000000000e+01
1.899999999999999911e+00	1.120000000000000000e+02	8.000000000000000000e+00	1.600000000000000000e+01
2.000000000000000000e+00	1.120000000000000000e+02	8.000000000000000000e+00	1.600000000000000000e+01
1.300000000000000044e+00	5.800000000000000000e+01	6.000000000000000000e+00	1.200000000000000000e+01
2.200000000000000178e+00	1.420000000000000000e+02	1.200000000000000000e+01	1.800000000000000000e+01
2.399999999999999911e+00	1.420000000000000000e+02	1.200000000000000000e+01	1.800000000000000000e+01
1.800000000000000044e+00	1.240000000000000000e+02	7.000000000000000000e+00	1.700000000000000000e+01
1.000000000000000000e+00	1.930000000000000000e+02	1.100000000000000000e+01	2.200000000000000000e+01
1.100000000000000089e+00	2.070000000000000000e+02	1.200000000000000000e+01	2.300000000000000000e+01
0.000000000000000000e+00	0.000000000000000000e+00	0.000000000000000000e+00	8.000000000000000000e+00
8.000000000000000444e-01	1.090000000000000000e+02	5.000000000000000000e+00	1.600000000000000000e+01
3.700000000000000178e+00	0.000000000000000000e+00	0.000000000000000000e+00	8.000000000000000000e+00
2.700000000000000178e+00	1.390000000000000000e+02	9.000000000000000000e+00	1.800000000000000000e+01
2.500000000000000000e+00	1.100000000000000000e+02	6.000000000000000000e+00	1.600000000000000000e+01
3.000000000000000000e+00	1.100000000000000000e+02	6.000000000000000000e+00	1.600000000000000000e+01
0.000000000000000000e+00	0.000000000000000000e+00	0.000000000000000000e+00	8.000000000000000000e+00
0.000000000000000000e+00	0.000000000000000000e+00	0.000000000000000000e+00	8.000000000000000000e+00
1.300000000000000044e+00	1.260000000000000000e+02	9.000000000000000000e+00	1.700000000000000000e+01
2.000000000000000000e+00	1.250000000000000000e+02	8.000000000000000000e+00	1.700000000000000000e+01
2.000000000000000000e+00	1.550000000000000000e+02	1.200000000000000000e+01	1.900000000000000000e+01
2.299999999999999822e+00	1.120000000000000000e+02	8.000000000000000000e+00	1.600000000000000000e+01
1.500000000000000000e+00	1.110000000000000000e+02	7.000000000000000000e+00	1.600000000000000000e+01
1.800000000000000044e+00	1.120000000000000000e+02	8.000000000000000000e+00	1.600000000000000000e+01
3.399999999999999911e+00	1.400000000000000000e+02	1.000000000000000000e+01	1.800000000000000000e+01
2.799999999999999822e+00	5.700000000000000000e+01	5.000000000000000000e+00	1.200000000000000000e+01
6.999999999999999556e-01	4.400000000000000000e+01	5.000000000000000000e+00	1.100000000000000000e+01
1.199999999999999956e+00	4.400000000000000000e+01	5.000000000000000000e+00	1.100000000000000000e+01
1.100000000000000089e+00	4.400000000000000000e+01	5.000000000000000000e+00	1.100000000000000000e+01
0.000000000000000000e+00	0.000000000000000000e+00	0.000000000000000000e+00	8.000000000000000000e+00
1.899999999999999911e+00	1.100000000000000000e+02	6.000000000000000000e+00	1.600000000000000000e+01
2.200000000000000178e+00	1.100000000000000000e+02	6.000000000000000000e+00	1.600000000000000000e+01
0.000000000000000000e+00	0.000000000000000000e+00	0.000000000000000000e+00	8.000000000000000000e+00
1.300000000000000044e+00	1.100000000000000000e+02	6.000000000000000000e+00	1.600000000000000000e+01
2.500000000000000000e+00	1.400000000000000000e+02	1.000000000000000000e+01	1.800000000000000000e+01
2.700000000000000178e+00	1.420000000000000000e+02	1.200000000000000000e+01	1.800000000000000000e+01
2.700000000000000178e+00	1.420000000000000000e+02	1.200000000000000000e+01	1.800000000000000000e+01
2.700000000000000178e+00	1.420000000000000000e+02	1.200000000000000000e+01	1.800000000000000000e+01
3.200000000000000178e+00	1.420000000000000000e+02	1.200000000000000000e+01	1.800000000000000000e+01
2.299999999999999822e+00	8.300000000000000000e+01	5.000000000000000000e+00	1.400000000000000000e+01
1.699999999999999956e+00	1.420000000000000000e+02	1.200000000000000000e+01	1.800000000000000000e+01
2.600000000000000089e+00	8.300000000000000000e+01	5.000000000000000000e+00	1.400000000000000000e+01
1.800000000000000044e+00	1.420000000000000000e+02	1.200000000000000000e+01	1.800000000000000000e+01
2.799999999999999822e+00	1.420000000000000000e+02	1.200000000000000000e+01	1.800000000000000000e+01
2.500000000000000000e+00	1.270000000000000000e+02	1.000000000000000000e+01	1.700000000000000000e+01
2.299999999999999822e+00	1.420000000000000000e+02	1.200000000000000000e+01	1.800000000000000000e+01
2.100000000000000089e+00	1.420000000000000000e+02	1.200000000000000000e+01	1.800000000000000000e+01
2.000000000000000000e+00	1.420000000000000000e+02	1.200000000000000000e+01	1.800000000000000000e+01
1.800000000000000044e+00	1.280000000000000000e+02	1.100000000000000000e+01	1.700000000000000000e+01
1.800000000000000044e+00	1.420000000000000000e+02	1.200000000000000000e+01	1.800000000000000000e+01
1.699999999999999956e+00	1.420000000000000000e+02	1.200000000000000000e+01	1.800000000000000000e+01
1.600000000000000089e+00	1.420000000000000000e+02	1.200000000000000000e+01	1.800000000000000000e+01
0.000000000000000000e+00	0.000000000000000000e+00	0.000000000000000000e+00	8.000000000000000000e+00
5.000000000000000000e-01	5.600000000000000000e+01	4.000000000000000000e+00	1.200000000000000000e+01
0.000000000000000000e+00	0.000000000000000000e+00	0.000000000000000000e+00	8.000000000000000000e+00
1.899999999999999911e+00	6.900000000000000000e+01	4.000000000000000000e+00	1.300000000000000000e+01
1.000000000000000000e+00	4.400000000000000000e+01	5.000000000000000000e+00	1.100000000000000000e+01
0.000000000000000000e+00	0.000000000000000000e+00	0.000000000000000000e+00	8.000000000000000000e+00
2.100000000000000089e+00	6.900000000000000000e+01	4.000000000000000000e+00	1.300000000000000000e+01
1.300000000000000044e+00	6.900000000000000000e+01	4.000000000000000000e+00	1.300000000000000000e+01
1.199999999999999956e+00	8.200000000000000000e+01	4.000000000000000000e+00	1.400000000000000000e+01
2.500000000000000000e+00	4.400000000000000000e+01	5.000000000000000000e+00	1.100000000000000000e+01
2.600000000000000089e+00	6.900000000000000000e+01	4.000000000000000000e+00	1.300000000000000000e+01
1.500000000000000000e+00	8.200000000000000000e+01	4.000000000000000000e+00	1.400000000000000000e+01
1.000000000000000000e+00	9.500000000000000000e+01	4.000000000000000000e+00	1.500000000000000000e+01
5.000000000000000000e-01	9.500000000000000000e+01	4.000000000000000000e+00	1.500000000000000000e+01
5.999999999999999778e-01	1.080000000000000000e+02	4.000000000000000000e+00	1.600000000000000000e+01
8.000000000000000444e-01	9.600000000000000000e+01	5.000000000000000000e+00	1.500000000000000000e+01
0.000000000000000000e+00	0.000000000000000000e+00	0.000000000000000000e+00	8.000000000000000000e+00
0.000000000000000000e+00	0.000000000000000000e+00	0.000000000000000000e+00	8.000000000000000000e+00
0.000000000000000000e+00	0.000000000000000000e+00	0.000000000000000000e+00	8.000000000000000000e+00
0.000000000000000000e+00	0.000000000000000000e+00	0.000000000000000000e+00	8.000000000000000000e+00
5.999999999999999778e-01	9.700000000000000000e+01	6.000000000000000000e+00	1.500000000000000000e+01
5.000000000000000000e-01	1.090000000000000000e+02	5.000000000000000000e+00	1.600000000000000000e+01
0.000000000000000000e+00	0.000000000000000000e+00	0.000000000000000000e+00	8.000000000000000000e+00
0.000000000000000000e+00	0.000000000000000000e+00	0.000000000000000000e+00	8.000000000000000000e+00
0.000000000000000000e+00	0.000000000000000000e+00	0.000000000000000000e+00	8.000000000000000000e+00
0.000000000000000000e+00	0.000000000000000000e+00	0.000000000000000000e+00	8.000000000000000000e+00
0.000000000000000000e+00	0.000000000000000000e+00	0.000000000000000000e+00	8.000000000000000000e+00
0.000000000000000000e+00	0.000000000000000000e+00	0.000000000000000000e+00	8.000000000000000000e+00
0.000000000000000000e+00	0.000000000000000000e+00	0.000000000000000000e+00	8.000000000000000000e+00
0.000000000000000000e+00	0.000000000000000000e+00	0.000000000000000000e+00	8.000000000000000000e+00
0.000000000000000000e+00	0.000000000000000000e+00	0.000000000000000000e+00	8.000000000000000000e+00
1.600000000000000089e+00	5.600000000000000000e+01	4.000000000000000000e+00	1.200000000000000000e+01
0.000000000000000000e+00	0.000000000000000000e+00	0.000000000000000000e+00	8.000000000000000000e+00
0.000000000000000000e+00	0.000000000000000000e+00	0.000000000000000000e+00	8.000000000000000000e+00
0.000000000000000000e+00	0.000000000000000000e+00	0.000000000000000000e+00	8.000000000000000000e+00
0.000000000000000000e+00	0.000000000000000000e+00	0.000000000000000000e+00	8.000000000000000000e+00
0.000000000000000000e+00	0.000000000000000000e+00	0.000000000000000000e+00	8.000000000000000000e+00
0.000000000000000000e+00	0.000000000000000000e+00	0.000000000000000000e+00	8.000000000000000000e+00
2.500000000000000000e+00	6.900000000000000000e+01	4.000000000000000000e+00	1.300000000000000000e+01
1.699999999999999956e+00	6.900000000000000000e+01	4.000000000000000000e+00	1.300000000000000000e+01
2.899999999999999911e+00	8.200000000000000000e+01	4.000000000000000000e+00	1.400000000000000000e+01
0.000000000000000000e+00	0.000000000000000000e+00	0.000000000000000000e+00	8.000000000000000000e+00
0.000000000000000000e+00	0.000000000000000000e+00	0.000000000000000000e+00	8.000000000000000000e+00
0.000000000000000000e+00	0.000000000000000000e+00	0.000000000000000000e+00	8.000000000000000000e+00
0.000000000000000000e+00	0.000000000000000000e+00	0.000000000000000000e+00	8.000000000000000000e+00
0.000000000000000000e+00	0.000000000000000000e+00	0.000000000000000000e+00	8.000000000000000000e+00
2.100000000000000089e+00	4.500000000000000000e+01	6.000000000000000000e+00	1.100000000000000000e+01
2.000000000000000000e+00	6.900000000000000000e+01	4.000000000000000000e+00	1.300000000000000000e+01
6.999999999999999556e-01	6.900000000000000000e+01	4.000000000000000000e+00	1.300000000000000000e+01
1.000000000000000056e-01	9.500000000000000000e+01	4.000000000000000000e+00	1.500000000000000000e+01
1.000000000000000056e-01	9.500000000000000000e+01	4.000000000000000000e+00	1.500000000000000000e+01
4.000000000000000222e-01	1.080000000000000000e+02	4.000000000000000000e+00	1.600000000000000000e+01
0.000000000000000000e+00	0.000000000000000000e+00	0.000000000000000000e+00	8.000000000000000000e+00
0.000000000000000000e+00	0.000000000000000000e+00	0.000000000000000000e+00	8.000000000000000000e+00
6.999999999999999556e-01	9.700000000000000000e+01	6.000000000000000000e+00	1.500000000000000000e+01
0.000000000000000000e+00	0.000000000000000000e+00	0.000000000000000000e+00	8.000000000000000000e+00
0.000000000000000000e+00	0.000000000000000000e+00	0.000000000000000000e+00	8.000000000000000000e+00
1.000000000000000056e-01	1.340000000000000000e+02	4.000000000000000000e+00	1.800000000000000000e+01
0.000000000000000000e+00	0.000000000000000000e+00	0.000000000000000000e+00	8.000000000000000000e+00
0.000000000000000000e+00	0.000000000000000000e+00	0.000000000000000000e+00	8.000000000000000000e+00
0.000000000000000000e+00	0.000000000000000000e+00	0.000000000000000000e+00	8.000000000000000000e+00
0.000000000000000000e+00	0.000000000000000000e+00	0.000000000000000000e+00	8.000000000000000000e+00
0.000000000000000000e+00	0.000000000000000000e+00	0.000000000000000000e+00	8.000000000000000000e+00
0.000000000000000000e+00	0.000000000000000000e+00	0.000000000000000000e+00	8.000000000000000000e+00
0.000000000000000000e+00	0.000000000000000000e+00	0.000000000000000000e+00	8.000000000000000000e+00
2.100000000000000089e+00	1.790000000000000000e+02	1.000000000000000000e+01	2.100000000000000000e+01
2.200000000000000178e+00	1.790000000000000000e+02	1.000000000000000000e+01	2.100000000000000000e+01
2.100000000000000089e+00	1.910000000000000000e+02	9.000000000000000000e+00	2.200000000000000000e+01
2.700000000000000178e+00	1.390000000000000000e+02	9.000000000000000000e+00	1.800000000000000000e+01
2.700000000000000178e+00	1.390000000000000000e+02	9.000000000000000000e+00	1.800000000000000000e+01
